0.916014
0.930106
0.824317
0.818745
0.777523
0.795736
0.672293
0.740717
0.70904
0.790476
0.763238
0.694637
0.797563
0.876804
0.858002
0.826039
0.868658
0.942515
0.821337
0.885228
0.980041
0.908411
0.896134
0.927983
0.903552
0.904772
0.798895
0.898535
0.805248
0.724823
0.816659
0.867864
0.827622
0.782825
0.918013
0.882112
0.813347
0.821151
0.879344
0.777062
0.744401
0.777062
0.820792
0.799105
0.786827
0.728331
0.743708
0.775855
0.871314
0.859833
0.813001
0.871799
0.894862
0.887176
0.804899
0.709307
0.771874
0.722274
0.930285
0.914794
0.917073
0.90759
0.873134
0.988237
0.950597
1
0.913373
0.947279
0.922623
0.916142
0.921625
0.877483
0.895898
0.992072
0.928026
0.907105
0.871859
0.720976
0.783446
0.596976
0.605797
0.519378
0.518068
0.409573
0.492192
0.448164
0.459926
0.539295
0.520905
0.601807
0.48849
0.505297
0.5394
0.542729
0.604465
0.683235
0.622509
0.694127
0.740688
0.793593
0.747767
0.784227
0.829978
0.888485
0.785833
0.829545
0.944774
0.979743
0.795465
0.842316
0.897332
0.869408
0.875369
0.756209
0.651222
0.592485
0.496628
0.393548
0.494086
0.54385
0.683828
0.716472
0.613345
0.659896
0.681641
0.67265
0.697298
0.716065
0.699562
0.677148
0.76678
0.780252
0.861905
0.776628
0.790339
0.728887
0.808976
0.707434
0.726509
0.696344
0.663095
0.591716
0.693806
0.669448
0.729432
0.749038
0.742865
0.731175
0.829399
0.754949
0.712893
0.776323
0.894679
0.742803
0.673059
0.515063
0.544837
0.700888
0.789037
0.890308
0.831336
0.861002
0.912652
0.908678
0.885759
0.984957
0.94393
0.953234
0.893135
0.874529
0.940426
0.916694
0.839696
0.749233
0.830354
0.887867
0.917506
0.875837
0.855866
0.742411
0.715374
0.635433
0.726329
0.585083
0.79387
0.770245
0.900638
0.884465
0.860686
0.795735
0.791518
0.824429
0.79605
0.673779
0.729377
0.605084
0.551533
0.611193
0.689148
0.537381
0.501415
0.609751
0.598116
0.520014
0.555262
0.687801
0.622439
0.589789
0.679965
0.730452
0.717692
0.713449
0.777538
0.780517
0.839663
0.768002
0.807101
0.872634
0.871882
0.818069
0.812811
0.832701
0.826169
0.800527
0.792661
0.741782
0.77845
0.763696
0.719009
0.71062
0.73945
0.73026
0.690709
0.662411
0.649611
0.625186
0.570511
0.636437
0.627931
0.548268
0.501356
0.470575
0.519564
0.575239
0.700914
0.655103
0.622415
0.57782
0.514968
0.544407
0.454925
0.39878
0
0.470949
0.505246
0.637362
0.702211
0.737907
0.571121
0.599796
0.676241
0.677423
0.605773
0.545227
0.674946
0.71678
0.655103
0.684202
0.811102
0.809024
0.79045
0.723732
0.699107
0.764068
0.803089
0.730645
0.786704
0.829003
0.727255
0.544723
0.639752
0.730469
0.702601
0.592969
0.651937
0.780951
0.738089
0.738034
0.7405
0.760144
0.800456
0.800549
0.817222
0.710968
0.790473
0.844937
0.771874
0.84526
0.835625
0.820449
0.746686
0.707447
0.691009
0.631105
0.57767
0.535234
0.492565
0.489049
0.527028
0.517507
0.482545
0.449895
0.560183
0.445266
0.46391
0.523752
0.625986
0.699241
0.653169
0.680847
0.726701
0.768058
0.646782
0.6614
0.737851
0.789546
0.664574
0.704487
0.741846
0.769429
0.786252
0.848316
0.847757
0.763821
0.767
0.693894
0.699179
0.677975
0.62351
0.616958
0.604911
0.687322
0.735438
0.726507
0.726339
0.794311
0.856009
0.82427
0.758212
0.816828
0.704731
0.787175
0.794152
0.800163
0.782876
0.792065
0.846435
0.775343
0.843397
0.876987
0.809568
0.796504
0.761194
0.755978
0.676433
0.674682
0.702977
0.733265
0.712951
0.711472
0.671184
0.717494
0.678393
0.764809
0.782784
0.739147
0.707074
0.764697
0.703867
0.70487
0.741995
0.745363
0.736227
0.73759
0.627363
0.661757
0.599716
0.617808
