0.346249
0.537344
0.524455
0.651436
0.613066
0.660833
0.701328
0.725214
0.80017
0.716995
0.751873
0.718804
0.734406
0.787187
0.689039
0.718597
0.661888
0.605747
0.640985
0.623329
0.601704
0.595445
0.640311
0.646774
0.66139
0.76075
0.677119
0.617015
0.668441
0.718675
0.667143
0.619212
0.665335
0.665335
0.585155
0.585155
0.577081
0.568411
0.606629
0.537344
0.641446
0.577081
0.680317
0.646521
0.656031
0.701328
0.725214
0.725214
0.728407
0.651436
0.678163
0.682236
0.651436
0.646521
0.669719
0.656203
0.568411
0.568411
0.559023
0.548747
0.537344
0.630752
0.636195
0.669719
0.690112
0.701328
0.737707
0.678163
0.665335
0.606629
0.599864
0.491428
0.346249
0.346249
0.346249
0.468034
0.346249
0.537344
0.559023
0.592725
0.625099
0.585155
0.577081
0.599864
0.660833
0.646521
0.646521
0.697664
0.665335
0.682236
0.721971
0.711919
0.7552
0.743692
0.708452
0.636195
0.568411
0.524455
0.491428
0.636195
0.636195
0.548747
0.509498
0.577081
0.559023
0.592725
0.660833
0.585155
0.559023
0.625099
0.678163
0.665335
0.757988
0.725214
0.746625
0.686217
0.682236
0.728407
0.660833
0.728407
0.697664
0.656203
0.673993
0.646521
0.641446
0.613066
0.599864
0.568411
0.509498
0.468034
0.559023
0.491428
0.548747
0.559023
0.491428
0.641446
0.678163
0.673993
0.718675
0.718675
0.743692
0.803397
0.834044
0.776045
0.728167
0.809761
0.798975
0.701169
0.700626
0.726918
0.714455
0.65247
0.702266
0.734652
0.686217
0.734652
0.651436
0.721971
0.763467
0.743692
0.715326
0.728407
0.737707
0.70168
0.71364
0.694648
0.63451
0.63105
0.691436
0.622231
0.590425
0.634313
0.605486
0.576141
0.642445
0.628988
0.66699
0.706403
0.711919
0.693927
0.619212
0.669719
0.592725
0.548747
0.559023
0.599864
0.599864
0.625099
0.613066
0.673993
0.660833
0.625099
0.599864
0.585155
0.577081
0.509498
0.524455
0.548747
0.468034
0.559023
0.568411
0.524455
0.606629
0.630752
0.599864
0.585155
0.641446
0.619212
0.599864
0.599864
0.630752
0.559023
0.537344
0.559023
0.592725
0.627041
0.616065
0.556336
0.613459
0.624736
0.611415
0.56953
0.568344
0.577272
0.594026
0.579147
0.646515
0.551311
0.510484
0.53297
0.41925
0.440423
0.724088
0.679949
0.693408
0.719219
0.736795
0.772609
0.683314
0.72412
0.783124
0.723937
0.749902
0.762462
0.65129
0.652286
0.765584
0.73764
0.741897
0.825467
0.880701
0.880603
0.820189
0.82516
0.797174
0.868668
0.954837
0.850521
0.817501
0.848034
0.919519
0.836765
0.832916
0.89412
0.882782
0.86726
0.784607
0.770839
0.840824
0.653213
0.514019
0.64728
0.632866
0.434562
0
0.408927
0.535127
0.697435
0.510668
0.667891
0.652886
0.556147
0.623066
0.601157
0.604609
0.576727
0.50108
0.464494
0.572608
0.668644
0.660076
0.721948
0.435399
0.6022
0.607807
0.640704
0.695645
0.698567
0.681189
0.657896
0.753211
0.766017
0.745028
0.823406
0.793669
0.827521
0.636083
0.664053
0.80068
0.813106
0.827907
0.741211
0.772248
0.843606
0.855177
0.80477
0.750639
0.888868
0.890204
0.804665
0.752567
0.836932
0.79841
0.693393
0.813704
0.779167
0.771051
0.791802
0.738995
0.755024
0.812493
0.848122
0.859477
0.833486
0.815336
0.844691
0.920562
0.876435
0.717218
0.827567
0.748646
0.610331
0.656928
0.674703
0.482397
0.574219
0.779064
0.769545
0.750198
0.794217
0.779619
0.78708
0.787264
0.878063
0.885056
0.824836
0.796861
0.963468
0.917158
0.857045
0.752377
0.898221
0.812416
0.853475
0.837445
0.860961
0.874493
0.765488
0.76688
0.744109
0.848055
0.817976
0.798
0.79989
0.919697
0.931826
0.901736
0.891268
0.859917
0.852127
0.856853
0.821727
0.77919
0.863104
0.833519
0.796147
0.803397
0.90868
0.737303
0.803981
0.827903
0.766392
0.768261
0.729776
0.862544
0.791279
0.682068
0.785292
0.756583
0.657973
0.563362
0.699244
0.619002
0.584217
0.703761
0.723563
0.733829
0.755968
0.844342
0.819755
0.792655
1
0.907929
0.885558
0.862554
0.785805
0.737394
0.662026
