0.738346
0.726828
0.687316
0.70595
0.654737
0.671859
0.660658
0.635392
0.574765
0.595362
0.533655
0.549322
0.612899
0.604442
0.612899
0.562822
0.604442
0.612899
0.620828
0.585528
0.654737
0.642134
0.648571
0.666359
0.759599
0.666359
0.612899
0.660658
0.648571
0.635392
0.612899
0.585528
0.585528
0.604442
0.549322
0.562822
0.628306
0.620828
0.574765
0.612899
0.666359
0.648571
0.604442
0.628306
0.660658
0.682324
0.710317
0.730743
0.692166
0.70595
0.692166
0.660658
0.628306
0.585528
0.620828
0.574765
0.549322
0.585528
0.642134
0.654737
0.642134
0.628306
0.628306
0.648571
0.635392
0.620828
0.677175
0.628306
0.612899
0.574765
0.549322
0.604442
0.648571
0.574765
0.654737
0.710317
0.677175
0.666359
0.701473
0.671859
0.666359
0.620828
0.562822
0.549322
0.549322
0.620828
0.585528
0.604442
0.654737
0.692166
0.660658
0.642134
0.660658
0.648571
0.595362
0.666359
0.648571
0.648571
0.628306
0.682324
0.682324
0.696881
0.595362
0.562822
0.514729
0.574765
0.620828
0.620828
0.660658
0.654737
0.677175
0.687316
0.671859
0.749242
0.710317
0.682324
0.682324
0.756202
0.745673
0.692166
0.782025
0.766238
0.745673
0.770425
0.785057
0.756202
0.78859
0.784964
0.745699
0.699422
0.723938
0.699397
0.663462
0.597806
0.590822
0.547152
0.543983
0.568571
0.555055
0.559849
0.562189
0.546758
0.53714
0.558542
0.530668
0.563563
0.775241
0.775841
0.78805
0.745673
0.810762
0.835185
0.81877
0.899899
0.875375
0.958018
0.886384
0.882176
0.810762
0.70595
0.710317
0.642134
0.648571
0.722833
0.759599
0.710317
0.730743
0.808033
0.829106
0.718753
0.769485
0.829106
0.796813
0.654737
0.710317
0.834126
0.857372
0.85582
0.849117
0.81878
0.884287
0.762944
0.808033
0.799666
0.796813
0.871406
0.906664
0.860251
0.918171
0.962549
0.92864
0.876867
0.867569
0.857163
0.881563
0.893886
0.936858
0.906664
0.866992
0.84149
0.775841
0.718753
0.682324
0.722833
0.620828
0.692166
0.752751
0.738346
0.766238
0.745673
0.738346
0.836602
0.802486
0.769485
0.764494
0.743297
0.805398
0.738346
0.696915
0.646383
0.747746
0.747835
0.737427
0.635268
0.81476
0.880051
0.836602
0.81878
0.759599
0.762944
0.726828
0.635392
0.620828
0.562822
0.612899
0.595362
0.612899
0.671859
0.687316
0.612899
0.722833
0.738346
0.714583
0.666359
0.722833
0.756202
0.762944
0.808033
0.749242
0.718753
0.745673
0.628306
0.635392
0.549322
0.682324
0.682324
0.682324
0.70595
0.718753
0.796813
0.745673
0.722833
0.775841
0.862515
0.772685
0.759599
0.802486
0.836602
0.802486
0.765796
0.692579
0.740541
0.796762
0.69037
0.594142
0.658634
0.724414
0.570292
0.575577
0.625333
0.716545
0.706043
0.60487
0.670235
0.649567
0.604872
0.699784
0.653374
0.656762
0.582626
0.57696
0.573784
0.575884
0.645566
0.645522
0.737389
0.755639
0.652161
0.541206
0.590222
0.710569
0.689924
0.648723
0.655214
0.831301
0.797303
0.797495
0.850524
0.808094
0.853595
0.842611
0.874075
0.879918
0.86678
0.902704
0.910579
0.83941
0.845633
0.859851
0.857613
0.929309
0.849348
0.811899
0.603259
0.619577
0.511021
0.515989
0.590586
0.50325
0.450194
0.402068
0.447793
0.524766
0.541795
0.510202
0.534253
0.589738
0.636676
0.583363
0.647642
0.546866
0.510432
0.652018
0.672465
0.596697
0.63868
0.723447
0.699433
0.643561
0.761078
0.741595
0.829582
0.778243
0.792712
0.856133
0.856629
0.755156
0.841987
0.859588
0.863023
0.875579
0.837658
0.727568
0.615786
0.508259
0.587537
0.599764
0.430284
0
0.404498
0.531381
0.659848
0.713715
0.698656
0.822376
0.85131
0.869281
0.886191
0.921019
1
0.987533
0.972358
0.986708
0.939932
0.869635
0.845613
0.810291
0.849356
0.88363
0.889341
0.88969
0.879089
0.777896
0.734921
0.775074
0.789797
0.839399
0.713495
0.73222
0.62528
0.586103
0.594637
0.66469
0.642686
0.672782
0.608761
0.608144
0.680717
0.646664
0.638243
0.700843
0.731814
0.691744
0.718787
0.728405
0.875033
0.909586
0.95265
0.890805
0.812661
0.809903
0.80081
0.724986
0.764738
0.843252
0.816824
0.792816
0.817495
0.769594
0.59948
0.68182
0.753763
0.679689
0.641985
0.745316
0.807469
0.664416
0.66595
0.821317
0.77262
0.633925
0.665441
0.719046
0.687453
0.689588
0.82122
0.859968
0.832638
0.905744
0.888004
0.854219
0.806441
0.708175
0.70595
0.696881
0.671859
0.666359
0.595362
0.604442
0.604442
0.595362
0.533655
0.533655
0.533655
0.490225
0.514729
0.533655
0.585528
0.533655
0.585528
0.612899
0.604442
0.612899
0.666359
0.642134
0.642134
0.687316
0.738346
0.677175
0.635392
0.620828
0.585528
0.549322
0.533655
0.453332
0.514729
0.533655
0.514729
0.514729
0.549322
0.562822
0.514729
0.549322
0.574765
0.549322
0.533655
0.574765
0.595362
0.642134
0.682324
0.677175
0.628306
0.628306
0.620828
0.585528
0.595362
0.562822
0.533655
0.533655
0.514729
0.562822
0.585528
0.612899
0.620828
0.574765
0.585528
0.595362
0.574765
0.514729
0.595362
0.574765
0.514729
0.549322
0.533655
0.562822
0.595362
0.574765
0.660658
0.635392
0.677175
0.620828
0.666359
0.635392
0.585528
0.595362
0.533655
0.533655
0.549322
0.574765
0.612899
0.595362
0.628306
0.671859
0.635392
0.628306
0.660658
0.654737
0.562822
0.620828
0.585528
0.620828
0.628306
0.692166
0.682324
0.660658
0.490225
0.549322
0.574765
0.595362
0.654737
0.628306
0.677175
0.687316
0.648571
0.692166
0.70595
0.759599
0.687316
0.687316
0.730743
0.742043
0.710317
0.692166
0.782025
0.752751
0.756202
0.767569
0.782025
0.766238
0.752781
0.744829
0.742292
0.683207
0.712562
0.696312
0.63515
0.598523
0.568413
0.54779
0.648979
0.639862
0.572262
0.588062
0.622173
0.567327
0.566153
0.554672
0.522857
0.537287
0.723679
0.738346
0.762944
0.738346
0.793927
0.777414
0.792394
0.852746
0.822335
0.973191
0.884287
0.898697
0.816135
0.759599
0.726828
0.677175
0.628306
0.745673
0.802486
0.752751
0.722833
0.793927
0.843902
0.745673
0.769485
0.823993
0.816135
0.70595
0.692166
0.827575
0.806655
0.87863
0.887881
0.85797
0.923954
0.81878
0.853355
0.846294
0.85102
0.893691
0.935041
0.875758
0.872182
0.951677
0.915753
0.858694
0.837766
0.818559
0.868535
0.859617
0.910579
0.898697
0.862515
0.831628
0.793927
0.785057
0.70595
0.722833
0.642134
0.701473
0.802486
0.766238
0.778953
0.772685
0.756202
0.82876
0.8217
0.799666
0.750099
0.7234
0.821648
0.799666
0.687865
0.616554
0.688496
0.688326
0.719823
0.677729
0.807455
0.859654
0.862515
0.834126
0.78805
0.793927
0.710317
0.635392
0.604442
0.574765
0.612899
0.648571
0.585528
0.718753
0.692166
0.648571
0.692166
0.734581
0.687316
0.654737
0.734581
0.742043
0.782025
0.826562
0.808033
0.752751
0.785057
0.687316
0.682324
0.612899
0.70595
0.687316
0.718753
0.682324
0.722833
0.793927
0.730743
0.718753
0.782025
0.816135
0.730743
0.762944
0.81878
0.805275
0.793927
0.791007
0.678419
0.770481
0.793846
0.703529
0.615376
0.665041
0.69836
0.571128
0.59167
0.630714
0.720868
0.650678
0.633454
0.721338
0.616893
0.558908
0.665811
0.633485
0.662512
0.601888
0.591238
0.608204
0.606455
0.67689
0.684109
0.659537
0.698244
0.61841
0.525086
0.553916
0.620367
0.59168
0.638533
0.663995
0.735203
0.737133
0.751826
0.785966
0.754437
0.8103
0.806837
0.873824
0.859731
0.834536
0.878344
0.914302
0.85414
0.83281
0.840512
0.812184
0.885722
0.810942
0.791643
0.634212
0.577232
0.492165
0.503894
0.586414
0.482521
0.432552
0.401778
0.443642
0.490727
0.504265
0.514605
0.553709
0.588241
0.630302
0.58802
0.653633
0.559188
0.52186
0.663858
0.688647
0.584561
0.583111
0.705097
0.66024
0.604694
0.727001
0.69117
0.79084
0.737524
0.734309
0.774453
0.77908
0.719254
0.78992
0.769564
0.810231
0.808446
0.768873
0.704509
0.61628
0.529228
0.561239
0.584991
0.442202
0
0.394277
0.49343
0.621104
0.668002
0.648816
0.772189
0.801858
0.823461
0.846175
0.919848
0.98547
0.980814
0.930747
0.934812
0.888422
0.846167
0.812046
0.751359
0.795293
0.860856
0.847987
0.863766
0.848361
0.740397
0.697776
0.696057
0.740206
0.815577
0.698578
0.65284
0.646645
0.564345
0.600243
0.651525
0.659795
0.639078
0.598564
0.650959
0.646345
0.64622
0.616334
0.71513
0.723169
0.61956
0.655435
0.709089
0.860315
0.88992
0.938087
0.881953
0.815354
0.787317
0.828203
0.816486
0.878173
0.822976
0.754409
0.741229
0.73514
0.725614
0.595106
0.672674
0.787394
0.755065
0.677269
0.759897
0.771858
0.695784
0.691222
0.800199
0.768408
0.602076
0.650273
0.738758
0.680066
0.649243
0.799646
0.815275
0.751621
0.838458
0.867565
0.86216
0.824348
0.738945
