0.618161
0.817051
0.926128
0.788468
0.868629
0.907502
0.809483
0.807679
0.833512
0.848885
0.727513
0.806329
0.852358
0.883011
0.797518
0.797963
0.800723
0.804679
0.827413
0.838941
0.831006
0.830842
0.782581
0.82782
0.828753
0.81081
0.811911
0.876967
0.865233
0.940618
0.922534
0.807885
0.846497
0.755041
0.806595
0.834771
0.743591
0.844418
0.969743
0.856679
0.816881
0.922694
0.985881
0.780892
0.823923
0.869559
0.858539
0.709849
0.711218
0.734859
0.648335
0.656912
0.773057
0.689938
0.771924
0.84064
0.858976
0.913081
0.999081
1
0.932444
0.914255
0.881943
0.831687
0.947274
0.968147
0.940353
0.921424
0.878265
0.944443
0.801712
0.780842
0.899057
0.79128
0.714557
0.805988
0.758071
0.664578
0.701871
0.563933
0.506671
0.547738
0.525002
0.526407
0.571276
0.50791
0.485784
0.591062
0.634541
0.633753
0.594028
0.607986
0.723555
0.680745
0.716498
0.701443
0.667557
0.618773
0.614444
0.662186
0.809509
0.74803
0.677856
0.713647
0.831836
0.856979
0.815584
0.88778
0.886684
0.803067
0.719884
0.769202
0.674841
0.76701
0.726771
0.637209
0.67177
0.615325
0.483853
0.504731
0.427598
0.441642
0.532933
0.557816
0.657565
0.731396
0.725957
0.775146
0.78065
0.719509
0.729216
0.827543
0.814158
0.739355
0.721603
0.640088
0.640446
0.70118
0.657402
0.609364
0.564822
0.58144
0.53543
0.438583
0.504508
0.605561
0.548175
0.644369
0.629374
0.678273
0.659337
0.768075
0.783103
0.665572
0.662087
0.696387
0.734403
0.684793
0.661655
0.681939
0.708802
0.676246
0.683849
0.650689
0.666802
0.722436
0.692151
0.698407
0.619244
0.595351
0.629179
0.499296
0.344694
0
0.318621
0.371185
0.513041
0.468942
0.505824
0.567063
0.664549
0.585161
0.645359
0.657674
0.669676
0.689287
0.719301
0.668391
0.674576
0.735917
0.698603
0.739557
0.632276
0.648315
0.717611
0.641787
0.632988
0.632032
0.636085
0.589673
0.663911
0.631127
0.587696
0.58961
0.613897
0.566855
0.569209
0.563991
0.565847
0.508779
0.536278
0.527802
0.485579
0.475015
0.560738
0.528274
0.519369
0.540283
0.561083
0.526343
0.432012
0.393602
0.331562
0.223218
0.260457
0.279191
0.364236
0.373389
0.542631
0.584619
0.570642
0.64244
0.629009
0.716271
0.734876
0.585767
0.61413
0.654206
0.762102
0.65017
0.609035
0.713552
0.739056
0.674208
0.712202
0.755015
0.779575
0.79507
0.694339
0.740111
0.687446
0.711746
0.646276
0.606583
0.584318
0.680388
0.681372
0.643484
0.65986
0.620839
0.64626
0.635161
0.633158
0.641962
0.661382
0.681687
0.608125
0.673926
0.614702
0.5767
0.48672
0.519798
0.601353
0.733729
0.743883
0.742655
0.767155
0.794179
0.702538
0.706199
0.637075
0.691443
0.665971
0.605295
0.705693
0.556077
0.606123
0.598853
0.687956
0.613971
0.664909
0.593967
0.605788
0.733795
0.635048
0.577613
0.652934
0.613267
0.461605
0.427057
0.508485
0.550314
0.528536
0.552088
0.628115
0.63815
0.595981
0.677357
0.69291
0.61117
0.666036
0.648999
0.733906
