0.374046
0.435147
0.410404
0.49787
0.539342
0.547207
0.545979
0.61507
0.617113
0.538636
0.625633
0.597689
0.578473
0.583223
0.57033
0.49787
0.527128
0.536989
0.565648
0.62116
0.596535
0.616248
0.629876
0.554427
0.566361
0.594842
0.596491
0.581776
0.614833
0.682381
0.647165
0.563425
0.577624
0.556124
0.595962
0.562835
0.571857
0.486907
0.504144
0.656624
0.513767
0.484919
0.68114
0.728917
0.607639
0.694759
0.733294
0.731051
0.696451
0.832427
0.744732
0.830803
0.758202
0.807625
0.742315
0.611247
0.642372
0.714227
0.661337
0.707321
0.734311
0.649806
0.553014
0.523224
0.611628
0.615651
0.66598
0.642249
0.71535
0.642578
0.633749
0.642912
0.599243
0.745869
0.739285
0.643674
0.61584
0.697296
0.623587
0.552386
0.752178
0.66128
0.691593
0.648023
0.747751
0.719861
0.721607
0.85493
0.840673
0.954781
0.979657
0.897554
0.887257
0.846906
0.911996
0.882584
0.780874
0.848716
0.846236
0.785382
0.739477
0.85088
0.800969
0.672477
0.735694
0.726883
0.660453
0.809064
0.798947
0.809118
0.76852
0.691058
0.609669
0.398373
0.43525
0
0.441934
0.553494
0.626007
0.531299
0.430608
0.619169
0.604315
0.745975
0.758872
0.713221
0.791181
0.854845
0.811232
0.750578
0.638953
0.564095
0.59778
0.552199
0.726926
0.619336
0.504995
0.663179
0.532435
0.535079
0.725191
0.709967
0.455888
0.431291
0.519261
0.529871
0.551707
0.488954
0.524451
0.535885
0.49145
0.450146
0.508599
0.50921
0.406622
0.547118
0.568909
0.631365
0.743252
0.719288
0.750853
0.691467
0.73743
0.589128
0.604025
0.648774
0.642319
0.538897
0.564882
0.591032
0.633535
0.643713
0.802667
0.828146
0.647193
0.669971
0.696373
0.634543
0.534275
0.63164
0.649809
0.79699
0.761231
0.836662
0.881838
0.81163
0.829377
0.895708
0.9337
0.826215
0.808761
0.728147
0.811696
0.793301
0.710393
0.744359
0.726176
0.763821
0.689348
0.713976
0.754265
0.674449
0.704449
0.66294
0.610721
0.672257
0.740161
0.671811
0.673916
0.645833
0.737094
0.801512
0.782214
0.791374
0.809661
0.883876
0.858803
0.786174
0.911832
0.968231
0.958253
0.94635
0.957226
1
0.937278
0.864302
0.887402
0.852894
0.852121
0.861269
0.81395
0.719437
0.662472
0.730144
0.7827
0.748606
0.707427
0.686317
0.709514
0.795844
0.758733
0.697356
0.678249
0.799459
0.87025
0.763076
0.819909
0.881858
0.801721
0.878678
0.7685
0.697534
0.778399
0.719336
0.832314
0.849606
0.645917
0.565282
