0.452002
0.63839
0.607538
0.721782
0.70986
0.675584
0.660315
0.694394
0.737153
0.669704
0.587888
0.592879
0.61144
0.607253
0.604611
0.587177
0.605787
0.595834
0.535771
0.607597
0.594836
0.6197
0.537794
0.615218
0.683184
0.652856
0.668931
0.717025
0.65087
0.635794
0.643479
0.633161
0.654349
0.681387
0.754405
0.713946
0.586323
0.580909
0.590041
0.623371
0.648621
0.654964
0.651964
0.604747
0.590431
0.594522
0.577536
0.551143
0.533309
0.506346
0.549989
0.54281
0.536444
0.612818
0.53314
0.546995
0.757812
0.720675
0.636758
0.646897
0.742071
0.723568
0.649767
0.769722
0.778288
0.867413
0.795085
0.806703
0.782078
0.726344
0.712319
0.746401
0.737525
0.731548
0.691059
0.730088
0.653282
0.700138
0.690731
0.647314
0.63752
0.593375
0.690426
0.689049
0.774655
0.733703
0.686648
0.698191
0.665859
0.750524
0.761451
0.685369
0.635776
0.646498
0.614515
0.587183
0.689048
0.778
0.585095
0.668865
0.793271
0.784609
0.793589
0.808213
0.791545
0.912198
0.948566
0.905268
0.832753
0.93687
0.947
0.891955
0.832145
0.941857
0.823217
0.775364
0.799062
0.817597
0.767726
0.759799
0.775457
0.911087
0.852613
0.709578
0.68998
0.653451
0.602555
0.637155
0.631564
0.455396
0.443733
0
0.477123
0.567007
0.614537
0.507035
0.413023
0.609925
0.689696
0.751277
0.743144
0.769313
0.768305
0.790927
0.761111
0.790888
0.642709
0.650345
0.714583
0.56875
0.705644
0.729422
0.474497
0.655996
0.493681
0.499356
0.601965
0.583705
0.584465
0.524479
0.551895
0.489499
0.467189
0.56397
0.518065
0.465385
0.475983
0.725255
0.594383
0.696556
0.659892
0.703062
0.719295
0.60494
0.548048
0.618295
0.68655
0.606222
0.51668
0.414115
0.472493
0.64115
0.692639
0.769427
0.751274
0.628318
0.662774
0.752365
0.644453
0.867105
0.892743
0.751227
0.611813
0.644314
0.781804
0.776127
0.699474
0.780901
0.826409
0.782246
0.785678
0.814953
0.785264
0.788886
0.743367
0.760166
0.734618
0.784955
0.710317
0.737085
0.758764
0.736057
0.656965
0.685083
0.80842
0.737728
0.739965
0.689938
0.690606
0.767541
0.835461
0.759855
0.851965
0.827497
0.75057
0.823882
0.869267
0.898725
0.850147
0.843783
0.820189
0.889651
0.895472
0.863344
0.796895
0.78765
0.790468
0.830952
0.801232
0.73878
0.728471
0.703551
0.724635
0.702582
0.72835
0.83192
0.798463
0.638118
0.76019
0.679969
0.768315
0.801514
0.832712
0.792903
0.901621
0.894219
0.958659
0.90653
0.836053
0.924098
1
0.97946
0.917752
0.776903
0.737011
0.810068
0.734227
