0.613867
0.656867
0.639482
0.765395
0.68713
0.66626
0.716902
0.728629
0.793267
0.769133
0.714277
0.804419
0.910976
0.841638
0.780447
0.876905
0.753737
0.5701
0.810861
0.928804
0.753039
0.753449
0.832271
0.88421
0.748045
0.805154
0.847577
0.851239
0.788996
0.837385
0.75969
0.767202
0.781661
0.830864
0.769273
0.744803
0.762502
0.692728
0.793128
0.805689
0.814979
0.763994
0.853163
0.551996
0.68235
0.451764
0.477259
0.643113
0.622748
0.55679
0.606832
0.590292
0.496218
0.44125
0.537421
0.522563
0.439249
0.471439
0.564094
0.560702
0.579836
0.589624
0.607045
0.625824
0.595223
0.542282
0.472506
0.51019
0.587082
0.388181
0.604319
0.612721
0.459057
0.663272
0.572308
0.584907
0.695103
0.742814
0.846587
0.882262
0.7934
0.778326
0.825512
0.68181
0.679272
0.746275
0.725161
0.703818
0.665501
0.622916
0.571128
0.654621
0.67962
0.738883
0.758591
0.72696
0.643982
0.634795
0.661565
0.560711
0.495442
0.520434
0.516058
0.5521
0.612968
0.742283
0.647229
0.561883
0.619855
0.674218
0.707308
0.700858
0.694157
0.639974
0.745498
0.714091
0.648049
0.533783
0.578639
0.436972
0.541082
0.61023
0.570603
0.576284
0.700843
0.735817
0.738042
0.701885
0.740957
0.735672
0.600329
0.581242
0.590572
0.519585
0.471525
0.398091
0
0.436969
0.470597
0.604282
0.691326
0.791858
0.843298
0.835706
0.825361
0.715091
0.87457
0.799592
0.768462
0.840445
0.979108
0.80775
0.720059
0.889705
0.819811
0.727317
0.714739
0.744013
0.73113
0.847823
0.824453
0.789203
0.806834
0.944717
0.852268
0.812124
0.869742
0.890094
0.846647
0.800317
0.884226
0.945678
0.803694
0.865247
0.95926
0.959355
0.929958
1
0.95166
0.911656
0.981423
0.924108
0.870793
0.863091
0.888329
0.792086
0.617821
0.537205
0.639715
0.660538
0.640336
0.723302
0.796245
0.684804
0.690543
0.814498
0.731623
0.718421
0.663402
0.822337
0.751525
0.600121
0.666852
0.719968
0.840376
0.61887
0.77763
0.913138
0.875526
0.721951
0.854957
0.831946
0.78611
0.859263
0.827005
0.900045
0.858528
0.849837
0.771447
0.713468
0.806876
0.758348
0.82758
0.771003
0.820903
0.694032
0.767223
0.780799
0.737467
0.709873
0.680631
0.536507
0.698217
0.459137
0.475439
0.642588
0.562028
0.526063
0.573941
0.619191
0.518894
0.447688
0.523614
0.542902
0.434878
0.473325
0.50105
0.534516
0.540523
0.592141
0.577161
0.567196
0.588427
0.638824
0.510241
0.50118
0.504358
0.379157
0.604435
0.560062
0.463424
0.590135
0.507418
0.599428
0.685355
0.786722
0.898687
0.832368
0.70049
0.778674
0.800238
0.641264
0.719783
0.770465
0.749541
0.782738
0.773112
0.677514
0.588961
0.720568
0.678657
0.793357
0.749564
0.785415
0.695284
0.744691
0.695025
0.564202
0.510887
0.546851
0.420288
0.497693
0.567321
0.684258
0.579633
0.566517
0.653837
0.570744
0.597599
0.592914
0.616915
0.554045
0.66753
0.616014
0.690487
0.468218
0.558061
0.423914
0.548014
0.630986
0.704809
0.709034
0.828086
0.738426
0.751283
0.779781
0.772206
0.752761
0.69045
0.649614
0.633605
0.619513
0.498976
0.399035
0
0.431448
0.414305
0.561666
0.652042
0.745062
0.855319
0.797956
0.796179
0.692437
0.811363
0.779674
0.756886
0.807389
0.920245
0.772154
0.773959
0.829037
0.824291
0.704879
0.679482
0.73113
0.630445
0.621066
0.576884
0.722761
0.721955
0.790287
0.786824
0.782714
0.891334
0.844455
0.77896
0.818409
0.832579
0.792747
0.772317
0.878758
0.886589
0.761164
0.850851
0.930782
0.801445
0.853908
0.887754
0.869656
0.888104
0.924594
0.911708
0.772599
0.723009
0.869497
0.809988
0.704801
0.692254
0.649825
0.715299
0.686883
0.738212
0.738269
0.705814
0.720651
0.767358
0.802107
0.801002
0.733004
0.731644
0.963411
0.849328
0.786035
0.858298
0.836065
0.593801
0.78075
0.92496
0.816397
0.789377
0.932331
0.946833
0.795334
0.806754
0.888577
0.854429
0.765045
0.728872
0.743166
0.71719
0.724405
0.786594
0.813276
0.778575
0.784572
0.672736
0.746477
0.831864
0.784288
0.653856
0.630182
0.521573
0.602458
0.428799
0.466661
0.582765
0.534027
0.502253
0.569284
0.5987
0.528759
0.511741
0.583647
0.562945
0.486548
0.542971
0.609476
0.550651
0.537741
0.586159
0.585305
0.597485
0.599181
0.646987
0.528956
0.54209
0.486744
0.380046
0.588799
0.606333
0.456753
0.596921
0.626071
0.572052
0.712038
0.788708
0.89469
0.9217
0.77936
0.847032
0.87631
0.740768
0.77359
0.687493
0.688545
0.737346
0.664742
0.596204
0.542974
0.670056
0.62581
0.714843
0.718083
0.760776
0.66259
0.644376
0.667714
0.550534
0.524357
0.567727
0.409008
0.479373
0.470593
0.688522
0.591858
0.524506
0.621614
0.584005
0.669499
0.773599
0.701358
0.617783
0.727233
0.665361
0.683721
0.447095
0.61059
0.448825
0.564516
0.610227
0.684618
0.695072
0.859097
0.814283
0.813681
0.681356
0.732553
0.792359
0.749179
0.647765
0.546561
0.555059
0.532143
0.41208
0
0.419055
0.49722
0.678101
0.798342
0.867607
0.914745
0.947398
0.885676
0.86006
0.928697
0.800381
0.780108
0.841307
0.973919
0.821451
0.769514
0.855519
0.918397
0.810735
0.778945
0.812868
0.715517
0.717523
0.727317
0.900067
0.916347
0.835959
0.918105
0.908731
0.891455
0.92711
0.952007
0.929642
0.920791
0.942102
0.903516
0.834884
0.786443
0.880966
0.875977
0.751945
0.834858
0.981748
0.907942
0.87975
0.914092
0.86694
0.87008
0.915962
0.868425
0.865081
0.855518
0.769868
0.661179
0.524892
0.655179
0.745794
0.677202
0.713736
0.759753
0.688885
0.683932
0.737265
0.800072
0.734751
0.683788
0.741798
0.861667
0.708684
0.789124
0.83672
0.715128
0.539908
0.767839
0.888238
0.684544
0.707559
0.78235
0.82936
0.764108
0.814843
0.780869
0.75663
0.856271
0.792438
0.737605
0.769466
0.733511
0.730936
0.78067
0.772695
0.7678
0.718684
0.817411
0.797542
0.803225
0.708522
0.807014
0.563651
0.655233
0.426086
0.455451
0.585329
0.522131
0.478009
0.513914
0.54202
0.454542
0.397513
0.463647
0.497287
0.402003
0.501639
0.525008
0.523915
0.507326
0.537815
0.514692
0.515078
0.54234
0.554156
0.458473
0.487321
0.502697
0.363512
0.555481
0.583896
0.454586
0.617368
0.509542
0.609551
0.693446
0.757633
0.8561
0.885386
0.724894
0.787229
0.795416
0.6655
0.723389
0.734233
0.739857
0.728225
0.747872
0.692614
0.648296
0.696126
0.705472
0.710461
0.663177
0.681796
0.591753
0.608986
0.667154
0.544003
0.514251
0.531343
0.558557
0.614584
0.629867
0.700705
0.663523
0.623305
0.639449
0.583079
0.626056
0.629924
0.635246
0.559917
0.690224
0.648971
0.610301
0.461113
0.535339
0.41152
0.540852
0.623392
0.592884
0.587775
0.703008
0.813667
0.701492
0.756469
0.69718
0.682212
0.633702
0.632107
0.649433
0.62719
0.474779
0.401764
0
0.441144
0.422928
0.556241
0.684902
0.829421
0.857757
0.876905
0.846372
0.763374
0.88926
0.818414
0.742386
0.846325
0.954594
0.802164
0.748428
0.883346
0.847913
0.666273
0.688306
0.596859
0.711455
0.723445
0.761521
0.766054
0.771613
0.808796
0.876188
0.832652
0.783521
0.818329
0.838859
0.77064
0.754224
0.859396
0.86433
0.794726
0.878612
0.992241
0.890682
0.87191
0.924246
0.915801
0.888982
0.920091
0.923892
0.899641
0.889046
0.883547
0.948047
0.802638
0.683168
0.627375
