0.568593
0.591965
0.744376
0.754128
0.672094
0.75566
0.68723
0.558573
0.603951
0.630692
0.671803
0.637509
0.605714
0.591541
0.566999
0.579752
0.554636
0.497095
0.496137
0.442353
0.330363
0.397829
0.45609
0.500835
0.484601
0.540607
0.583473
0.669791
0.693438
0.705173
0.627564
0.600169
0.718505
0.807497
0.780267
0.737401
0.725567
0.647978
0.506872
0.462077
0.478192
0.445131
0.430142
0.497978
0.45885
0.423366
0.411292
0.472366
0.569049
0.550734
0.590546
0.601263
0.549669
0.590373
0.564981
0.623803
0.596918
0.557478
0.562788
0.642053
0.545821
0.515123
0.689661
0.754479
0.642776
0.657394
0.73164
0.726096
0.729336
0.755798
0.636794
0.686383
0.7006
0.791955
0.797262
0.783215
0.640775
0.55771
0.513111
0.532734
0.493656
0.482415
0.523847
0.509658
0.514934
0.591171
0.701655
0.698352
0.756962
0.703489
0.724981
0.775953
0.769046
0.646823
0.670826
0.705377
0.6406
0.643412
0.753177
0.775129
0.682641
0.628303
0.69036
0.665885
0.701728
0.745555
0.702711
0.695598
0.770425
0.824013
0.917393
0.93714
0.86652
0.896788
0.998851
0.951027
0.88516
0.940973
0.988281
0.888724
0.791509
0.883401
0.829624
0.765515
0.61085
0.646301
0.621437
0.556801
0.612804
0.61343
0.57794
0.502073
0.518383
0.536663
0.499482
0.462481
0.431828
0.385123
0
0.467031
0.467133
0.59191
0.54745
0.520548
0.624666
0.696657
0.808411
0.837334
0.870997
0.947695
0.899381
0.772692
0.735301
0.630111
0.594188
0.690295
0.523948
0.508879
0.428608
0.415979
0.5544
0.550072
0.569787
0.594665
0.590222
0.614518
0.648943
0.55571
0.667117
0.331394
0.412786
0.537872
0.529858
0.580993
0.67946
0.639254
0.593998
0.773572
0.875236
0.745796
0.701978
0.804488
0.843086
0.758385
0.877717
0.916967
0.79932
0.733036
0.802108
0.663159
0.679016
0.631615
0.614589
0.588054
0.583259
0.550678
0.549761
0.558337
0.640302
0.605843
0.634437
0.705126
0.703419
0.648553
0.65503
0.700006
0.714538
0.706427
0.639397
0.713909
0.810551
0.803711
0.863583
0.874454
0.820706
0.855248
0.871839
0.920302
0.859149
0.82927
0.784495
0.921178
0.957242
0.939932
0.959236
0.887871
0.885181
0.951294
0.934946
0.81224
0.820563
0.925726
0.834503
0.769025
0.774689
0.794894
0.798225
0.698979
0.636623
0.597302
0.586693
0.65412
0.768509
0.703841
0.694765
0.686651
0.673869
0.790486
0.747942
0.931364
0.78289
0.784274
0.802209
0.83651
0.861574
0.875899
0.959393
0.846377
0.863266
0.927683
0.822584
0.765735
0.786338
0.817073
0.909598
0.981564
0.864054
0.882272
0.975694
1
0.802262
0.812518
0.911659
0.898881
0.786084
0.762681
0.722995
0.719664
0.644228
0.620454
0.763995
0.752759
0.653336
0.739797
0.652141
0.616923
0.609563
0.591098
0.706925
0.664749
0.594864
0.562675
0.537257
0.539887
0.528118
0.491393
0.465553
0.416532
0.407127
0.431205
0.440051
0.466739
0.451264
0.498971
0.579227
0.664472
0.677048
0.711951
0.623906
0.616471
0.699831
0.811852
0.77348
0.720999
0.734802
0.623562
0.546964
0.420034
0.490495
0.456811
0.547447
0.533457
0.537092
0.593441
0.602712
0.618115
0.591586
0.609182
0.667557
0.613761
0.55901
0.590659
0.68485
0.57716
0.513817
0.646899
0.725872
0.623182
0.606931
0.732194
0.743829
0.692183
0.731444
0.636933
0.662347
0.654449
0.764395
0.76261
0.788717
0.755993
0.63447
0.595795
0.626941
0.563189
0.523194
0.577462
0.585885
0.586314
0.644463
0.669051
0.640391
0.724903
0.678152
0.693163
0.747448
0.715532
0.630555
0.629743
0.677319
0.608781
0.608428
0.730269
0.752522
0.636285
0.584409
0.670931
0.637824
0.620644
0.704727
0.667734
0.660226
0.735439
0.818931
0.898557
0.948254
0.831035
0.848271
0.93598
0.95301
0.871531
0.868779
0.977653
0.885069
0.7967
0.848705
0.826378
0.765776
0.612736
0.649212
0.616293
0.553318
0.619298
0.609723
0.600446
0.542319
0.525938
0.525777
0.494553
0.454731
0.427463
0.380752
0
0.455739
0.465265
0.562191
0.534904
0.499276
0.606391
0.691031
0.774743
0.804663
0.835733
0.917106
0.866966
0.763473
0.734026
0.593667
0.571564
0.666849
0.498925
0.481798
0.4649
0.478598
0.572661
0.541275
0.553658
0.58898
0.573468
0.60864
0.641653
0.526712
0.650499
0.574055
0.479031
0.430357
0.395694
0.450664
0.437363
0.352026
0.380843
0.345316
0.421536
0.521787
0.498126
0.593378
0.660792
0.619598
0.570968
0.773418
0.837448
0.704149
0.641531
0.72873
0.818126
0.735946
0.786862
0.848048
0.831518
0.742428
0.793042
0.641501
0.676252
0.670995
0.610616
0.593147
0.642996
0.602704
0.613649
0.599268
0.637966
0.656216
0.669003
0.685707
0.704509
0.63649
0.654933
0.683559
0.689151
0.664997
0.645494
0.718842
0.81546
0.742524
0.783874
0.817036
0.804388
0.780922
0.820625
0.858834
0.8256
0.826381
0.735493
0.824446
0.878666
0.914074
0.915349
0.837108
0.839084
0.947224
0.919878
0.801606
0.853013
0.838188
0.826806
0.751435
0.738606
0.744651
0.745282
0.696907
0.645122
0.590729
0.580339
0.638098
0.740764
0.68154
0.67505
0.69354
0.643354
0.735648
0.729174
0.916607
0.766636
0.767774
0.806086
0.828566
0.848698
0.888499
0.931443
0.827551
0.871413
0.958804
0.908026
0.853601
0.984678
0.952418
0.92056
0.991626
0.927511
0.879148
0.90176
0.962822
0.816696
0.766843
0.862349
0.855023
0.757928
0.697447
0.736541
0.70179
0.655888
