0.79006
0.702782
0.823817
0.678567
0.610976
0.72317
0.721626
0.701634
0.705661
0.685207
0.664359
0.577538
0.541603
0.522395
0.431997
0.40745
0.447978
0.454477
0.527089
0.554808
0.65106
0.618393
0.646129
0.670921
0.75135
0.722856
0.675303
0.791864
0.766432
0.735066
0.677744
0.622675
0.656252
0.60184
0.681559
0.606462
0.558327
0.647934
0.632641
0.591037
0.606996
0.642733
0.59855
0.564819
0.611223
0.568687
0.577201
0.580723
0.657693
0.607349
0.58396
0.588998
0.563623
0.64145
0.633467
0.649588
0.669315
0.640452
0.730992
0.693749
0.726706
0.689791
0.642714
0.645859
0.708841
0.580418
0.672594
0.768957
0.745565
0.683031
0.687613
0.77367
0.718276
0.628936
0.614088
0.706971
0.646487
0.556426
0.541806
0.653304
0.668089
0.641536
0.73948
0.758001
0.817203
0.708246
0.690804
0.707634
0.535034
0.540965
0.424251
0.289436
0.315245
0.401227
0.464498
0.435979
0.426871
0.44052
0.414865
0.40474
0.438338
0.43793
0.440235
0.485956
0.473611
0.56311
0.554785
0.610455
0.690199
0.618212
0.644737
0.71561
0.670175
0.574813
0.675855
0.728821
0.569042
0.548954
0.605789
0.742921
0.60465
0.602476
0.687214
0.565023
0.753827
0.717447
0.865769
0.709568
0.843521
0.821452
0.561708
0.438842
0.256425
0.329376
0.263616
0.259749
0.369649
0.406266
0.371816
0.453163
0.445494
0.37475
0.354393
0.450491
0.310963
0
0.255609
0.366815
0.369483
0.332979
0.460929
0.514236
0.630459
0.548598
0.587487
0.751729
0.792651
0.562647
0.484358
0.606689
0.569971
0.387586
0.361723
0.554075
0.47183
0.412427
0.570566
0.511791
0.635721
0.775093
0.730743
0.923814
0.858214
0.588741
0.45065
0.361722
0.346371
0.404563
0.516352
0.506844
0.477841
0.433075
0.404424
0.450192
0.383907
0.294456
0.302713
0.330826
0.352394
0.383547
0.380616
0.434913
0.42587
0.35512
0.359601
0.506641
0.507783
0.437987
0.628704
0.615231
0.64409
0.625437
0.617685
0.503692
0.547035
0.533001
0.491361
0.555579
0.552796
0.522007
0.598621
0.752417
0.763242
0.811288
0.812538
0.890784
0.814017
0.910612
0.949507
0.810601
0.876984
0.855308
0.731416
0.769214
0.815455
0.84254
0.723926
0.6739
0.663332
0.667613
0.617706
0.623209
0.50494
0.596415
0.642516
0.453858
0.550585
0.279511
0.325171
0.979424
0.814576
0.818464
0.754394
0.660043
0.700914
0.740089
0.712998
0.741142
0.68028
0.671945
0.56556
0.544981
0.519927
0.428696
0.407432
0.464065
0.461426
0.512736
0.549359
0.631541
0.607918
0.632198
0.677828
0.720133
0.693201
0.692598
0.771529
0.771565
0.721864
0.673667
0.64842
0.666073
0.598186
0.649358
0.604966
0.54771
0.615239
0.607049
0.582816
0.591795
0.622552
0.549807
0.520016
0.58473
0.547843
0.539112
0.544519
0.629384
0.594312
0.569588
0.5689
0.550634
0.616095
0.595735
0.616021
0.644771
0.613245
0.672641
0.65451
0.689718
0.640679
0.610646
0.579155
0.612866
0.518664
0.593051
0.690566
0.658063
0.594481
0.63683
0.687038
0.647868
0.536229
0.624691
0.696434
0.647341
0.56189
0.534177
0.631252
0.651328
0.649235
0.751256
0.756804
0.858266
0.744379
0.70275
0.725832
0.549501
0.555364
0.480587
0.509643
0.446551
0.434605
0.38422
0.365504
0.304333
0.468795
0.516124
0.488011
0.416489
0.418977
0.433594
0.509543
0.484111
0.496255
0.500784
0.571916
0.635725
0.542747
0.576706
0.638462
0.601546
0.532814
0.625219
0.68364
0.567289
0.517325
0.587027
0.735982
0.585673
0.556571
0.686592
0.569152
0.718028
0.708171
0.902578
0.751433
0.855544
0.777785
0.574739
0.441613
0.258172
0.330112
0.271817
0.290305
0.261137
0.315406
0.463495
0.277087
0
0.261658
0.330334
0.376908
0.337765
0.405191
0.448358
0.570772
0.520718
0.572262
0.631535
0.81696
0.617205
0.548429
0.595077
0.655858
0.41845
0.487651
0.593734
0.567664
0.439346
0.549855
0.542428
0.614977
0.790367
0.781869
0.87289
0.750587
0.616825
0.43039
0.353755
0.332339
0.350137
0.527415
0.517113
0.475547
0.418886
0.352037
0.382713
0.402605
0.31577
0.329528
0.329744
0.385675
0.408698
0.376003
0.43449
0.407586
0.352878
0.359534
0.520257
0.548041
0.4808
0.585851
0.560523
0.732445
0.647345
0.552298
0.437098
0.534113
0.524326
0.49853
0.561853
0.598805
0.552222
0.605677
0.777102
0.787213
0.804115
0.815769
0.875448
0.865982
0.95622
1
0.915
0.964772
0.913361
0.776703
0.791717
0.853058
0.83888
0.770338
0.706442
0.604104
0.610929
0.579679
0.659109
0.549544
0.675292
0.672002
0.411785
0.536589
0.268546
0.465987
0.70515
0.688219
0.821154
0.63431
0.693023
0.70981
0.750649
0.751176
0.766638
0.730067
0.679098
0.598036
0.575178
0.556931
0.484662
0.454967
0.507917
0.508438
0.597219
0.62399
0.706615
0.659927
0.702587
0.72705
0.778049
0.746563
0.708731
0.78751
0.787425
0.730123
0.711484
0.687596
0.705083
0.635151
0.681425
0.620696
0.57761
0.635943
0.594452
0.612091
0.632079
0.662854
0.608235
0.556268
0.64038
0.608537
0.560858
0.577411
0.669019
0.626689
0.58956
0.634956
0.607682
0.661429
0.67395
0.680931
0.725523
0.674792
0.707137
0.650091
0.722673
0.654131
0.631985
0.5971
0.677381
0.55939
0.607917
0.63982
0.605783
0.546652
0.571984
0.663253
0.591336
0.501714
0.616448
0.694383
0.570186
0.505922
0.553816
0.639429
0.617752
0.617062
0.646956
0.762791
0.846243
0.7567
0.732808
0.705146
0.563663
0.560044
0.438926
0.389194
0.322314
0.514077
0.527869
0.489779
0.380933
0.409277
0.415959
0.461143
0.438552
0.53624
0.541025
0.582923
0.689122
0.625609
0.617999
0.736173
0.702883
0.531492
0.5817
0.697674
0.583477
0.523245
0.577733
0.748355
0.603525
0.58009
0.710589
0.588114
0.728664
0.711857
0.852775
0.740655
0.802487
0.816408
0.546714
0.451912
0.300797
0.375475
0.360574
0.355603
0.352917
0.304465
0.327709
0.33037
0.317827
0.348749
0.343419
0.42426
0.285628
0
0.248412
0.355215
0.360061
0.366896
0.447762
0.490068
0.590384
0.555384
0.591736
0.706355
0.880705
0.643753
0.525551
0.695678
0.652182
0.436479
0.491907
0.630825
0.602458
0.483615
0.566884
0.558063
0.609906
0.743045
0.791221
0.921895
0.794123
0.552389
0.434578
0.391201
0.393161
0.384001
0.580718
0.573447
0.532949
0.47305
0.454788
0.486789
0.473749
0.38582
0.32965
0.354589
0.423671
0.390229
0.389323
0.44553
0.450808
0.377986
0.382112
0.569678
0.538062
0.432867
0.572368
0.531056
0.71977
0.629795
0.653947
0.550159
0.682492
0.640897
0.573256
0.642428
0.656267
0.587784
0.670749
0.792794
0.739285
0.835558
0.849844
0.886936
0.809284
0.891763
0.936746
0.879464
0.870522
0.853239
0.813328
0.739536
0.790277
0.784341
0.730014
0.725061
0.552566
0.621359
0.565317
0.695121
0.584423
0.715194
0.625746
0.374208
0.4427
0.282915
0.411648
0.829442
0.736445
0.848003
0.747641
0.674992
0.72446
0.734881
0.762303
0.771829
0.711931
0.696639
0.600802
0.566527
0.547613
0.451721
0.434478
0.492641
0.481963
0.56335
0.59105
0.682375
0.647664
0.67454
0.682793
0.790864
0.750958
0.677671
0.821178
0.803181
0.761488
0.702428
0.661135
0.685956
0.620769
0.699706
0.646956
0.584011
0.643535
0.643284
0.61774
0.623643
0.635857
0.55157
0.549269
0.611676
0.575007
0.551546
0.567717
0.656608
0.612298
0.560212
0.604231
0.58376
0.668327
0.653252
0.664428
0.674475
0.625856
0.711941
0.680233
0.726104
0.654607
0.642156
0.600883
0.689566
0.607288
0.687465
0.743702
0.734495
0.665319
0.702596
0.745806
0.709927
0.632836
0.703509
0.715649
0.691476
0.593286
0.542437
0.628237
0.684665
0.693739
0.783344
0.777156
0.879316
0.761839
0.730499
0.747409
0.559573
0.567054
0.447064
0.354885
0.28754
0.265187
0.307662
0.335902
0.45405
0.455851
0.518623
0.447571
0.479755
0.4569
0.435042
0.423977
0.452789
0.43831
0.47775
0.465671
0.569698
0.575425
0.611929
0.69244
0.652418
0.664165
0.739285
0.686475
0.580971
0.690202
0.743027
0.613795
0.562653
0.660785
0.783457
0.643891
0.62255
0.699569
0.572779
0.774351
0.744312
0.88463
0.804744
0.855465
0.85022
0.581357
0.463515
0.28797
0.372278
0.272744
0.25661
0.311476
0.394067
0.387036
0.468383
0.418231
0.342816
0.402893
0.504612
0.308894
0
0.265939
0.376656
0.386646
0.405261
0.475686
0.524931
0.609568
0.582166
0.575472
0.757283
0.864765
0.635895
0.512729
0.689336
0.683784
0.43601
0.461618
0.648057
0.627604
0.528027
0.621798
0.622887
0.672476
0.811106
0.862385
0.939808
0.806725
0.595582
0.431743
0.387862
0.378383
0.36245
0.577036
0.560397
0.458072
0.390211
0.319467
0.373071
0.38747
0.352839
0.322128
0.362485
0.402257
0.411394
0.430009
0.388415
0.401887
0.362978
0.3636
0.480688
0.478847
0.409933
0.55179
0.527608
0.687816
0.591275
0.587551
0.478236
0.638901
0.617493
0.557026
0.588166
0.604566
0.546835
0.617917
0.70368
0.745449
0.827684
0.81911
0.911133
0.835617
0.939496
0.978782
0.845186
0.813977
0.870055
0.80701
0.712527
0.811233
0.802585
0.740382
0.68941
0.661448
0.632645
0.591669
0.671333
0.549249
0.684963
0.701648
0.455108
0.454037
0.296198
0.496619
