0.632836
0.623057
0.818525
0.792647
0.678012
0.686271
0.830142
0.782738
0.737091
0.622517
0.651957
0.585605
0.549923
0.672418
0.749624
0.734877
0.773609
0.85499
0.843472
0.838167
0.847818
0.873658
0.774897
0.723531
0.885249
0.839167
0.754424
0.747134
0.719538
0.687892
0.641595
0.679295
0.67115
0.693714
0.691125
0.723767
0.687441
0.818878
0.723566
0.656022
0.72005
0.767064
0.714352
0.773047
0.700024
0.703616
0.757172
0.749912
0.710526
0.722162
0.684459
0.730042
0.814578
0.772697
0.784589
0.733515
0.812246
0.864994
0.848204
0.938462
0.962646
0.733605
0.70261
0.840111
0.919025
0.765887
0.737689
0.826062
0.779133
0.720359
0.669654
0.75389
0.735399
0.635792
0.694558
0.709405
0.754699
0.704019
0.682781
0.803604
0.731381
0.733597
0.857852
0.830118
0.822542
0.837054
0.891757
0.891439
0.877791
0.8212
0.813304
0.763105
0.69232
0.715783
0.879412
0.816542
0.720451
0.72565
0.704487
0.744009
0.705262
0.668424
0.721938
0.678352
0.608054
0.611644
0.714484
0.613121
0.631427
0.733035
0.751276
0.661241
0.624847
0.7775
0.73791
0.717882
0.787371
0.855306
0.710215
0.668192
0.738284
0.724927
0.642927
0.756516
0.665684
0.564036
0.63826
0.593005
0.521782
0.493006
0.539978
0.486834
0.428032
0.430355
0.393305
0.387143
0.350382
0.324385
0.301183
0.255851
0.255851
0.20468
0.255851
0.255851
0.276672
0.255851
0.324385
0.366039
0.366039
0.406977
0.45113
0.511783
0.615857
0.709145
0.745977
0.72035
0.729639
0.731905
0.645196
0.634255
0.450237
0.47743
0.442816
0.382253
0.515032
0.424965
0.445943
0.538792
0.698264
0.62282
0.509868
0.567659
0.681993
0.523068
0.415517
0.52725
0.599131
0.487082
0.563277
0.681329
0.601509
0.673476
0.761871
0.681911
0.747305
0.685209
0.795925
0.645512
0.599259
0.55296
0.603284
0.626341
0.636356
0.617617
0.692852
0.730846
0.694892
0.709854
0.756613
0.800168
0.861807
0.814128
0.912184
0.839516
0.673058
0.7998
0.896257
0.823047
0.793645
0.73054
0.764676
0.804382
0.87917
0.87054
0.705478
0.804317
0.711223
0.738336
0.772502
0.628603
0.642327
0.551506
0.573198
0.61485
0.578731
0.65439
0.692364
0.71828
0.634814
0.633656
0.680039
0.589419
0.736959
0.756563
0.698245
0.68163
0.573378
0.503205
0.535849
0.298418
0.366305
0.417093
0.400786
0.427641
0.502029
0.455358
0.410402
0.538681
0.567201
0.430219
0.451774
0.607401
0.57653
0.519909
0.494713
0.555003
0.564203
0.455647
0.476799
0.390628
0
0.462364
0.502197
0.45333
0.462742
0.558641
0.612196
0.661112
0.773649
0.74604
0.773109
0.759767
0.731345
0.741721
0.581467
0.752778
0.585388
0.533996
0.642229
0.728709
0.563011
0.497718
0.674736
0.679542
0.558271
0.521354
0.690331
0.563491
0.429419
0.606753
0.672663
0.563228
0.518026
0.392536
0
0.314319
0.441181
0.549457
0.662621
0.757647
0.755415
0.814438
0.778478
0.835148
0.840503
0.79459
0.811186
1
0.855839
0.742916
0.833844
0.900778
0.814703
0.762727
0.778876
0.76827
0.764063
0.735583
0.72427
0.636459
0.605358
0.572901
0.607854
0.654784
0.664956
0.604653
0.722849
0.665886
0.686963
0.608175
0.611456
0.636058
0.590805
0.620584
0.673183
0.667519
0.583756
0.519645
0.54517
0.602016
0.585816
0.607923
0.645585
0.647305
0.540093
0.570302
0.581836
0.602853
0.61802
0.623321
0.593815
0.656353
0.692202
0.623356
0.631815
0.765235
0.69332
0.68719
0.862707
0.799072
0.904397
0.873504
0.768393
0.712488
0.610535
0.700864
0.754215
0.711339
0.639719
0.648747
0.739441
0.666712
0.608951
0.59327
0.741327
0.797333
0.807166
0.936147
0.892841
0.758024
0.724612
0.655088
0.720455
0.854893
0.724838
0.67704
0.806557
0.575697
0.649439
0.744001
0.574085
0.465858
0.468268
0.522982
0.413771
0.495091
0.577654
0.670684
0.746663
0.844649
0.870628
0.843274
0.846341
0.851593
0.743035
0.810148
0.786618
0.763651
0.773428
0.784348
0.739947
0.733167
0.720655
0.671429
0.714778
0.739631
0.602736
0.614159
0.67292
0.607556
0.49411
0.552611
0.538893
0.568165
0.584819
0.645812
0.653482
0.562388
0.633377
0.536131
0.626066
0.720964
0.54369
0.555295
0.612456
0.623954
0.557649
0.555676
0.580959
0.636537
0.608415
0.649862
0.509096
0.589791
0.637106
0.49798
0.507496
0.509275
0.4315
0.420179
0.442727
0.439664
0.44422
0.430414
0.533144
0.462728
0.452522
0.376318
0.390181
0.402682
0.353435
0.459687
0.587054
0.617186
0.563111
0.654145
0.510614
0.394183
0.461888
0.445311
0.340893
0.355307
0.499378
0.543861
0.535639
0.516788
0.655717
0.542242
0.507967
0.598359
0.633322
0.638468
0.538146
0.5514
0.473641
0.454479
0.412415
0.362406
0.310025
0.310025
0.255851
0.255851
0.276672
0.290502
0.276672
0.290502
0.276672
0.20468
0.20468
