0.524117
0.51127
0.643755
0.563988
0.719493
0.701285
0.663896
0.598865
0.789082
0.68121
0.625638
0.648997
0.645736
0.631938
0.62349
0.719712
0.694064
0.686515
0.63314
0.613463
0.663213
0.64392
0.540831
0.557017
0.519538
0.583482
0.58589
0.653629
0.731963
0.739197
0.653981
0.689414
0.55372
0.529813
0.457827
0.46769
0.41224
0.461171
0.498034
0.536685
0.504587
0.680615
0.659333
0.520438
0.540913
0.63021
0.554396
0.486909
0.469637
0.452043
0.462494
0.473015
0.481918
0.473627
0.546159
0.519438
0.483446
0.625217
0.550426
0.685126
0.551971
0.467403
0.575574
0.639013
0.678857
0.667313
0.574195
0.65692
0.611901
0.609527
0.705167
0.869171
0.539133
0.72875
0.869169
0.691106
0.592688
0.737097
0.659745
0.723884
0.55269
0.586705
0.652678
0.621625
0.615627
0.540533
0.604178
0.535074
0.604306
0.353859
0.398699
0.312041
0.349552
0.461544
0.527112
0.58125
0.41074
0.602674
0.514312
0.553457
0.57832
0.557257
0.619509
0.675648
0.74546
0.680188
0.777532
0.840056
0.861618
0.803366
0.956215
1
0.84182
0.977054
0.904048
0.946251
0.838801
0.762318
0.831055
0.862921
0.753877
0.801056
0.71456
0.512428
0.570452
0.662439
0.57497
0.710029
0.614286
0.578271
0.434307
0.277171
0
0.363857
0
0.458428
0
0.185284
0.266767
0.233676
0.283579
0.240152
0.324881
0.286185
0.27104
0.279809
0.292366
0.224249
0.193563
0.21116
0.295148
0.349725
0.514702
0.484842
0.62135
0.535739
0.452702
0.472486
0.560089
0.649514
0.485429
0.632828
0.958676
0.846612
0.670285
0.86736
0.995937
0.900399
0.772263
0.738946
0.921178
0.79488
0.653657
0.617253
0.572852
0.491274
0.878869
0.777951
0.825202
0.656737
0.599587
0.423226
0.331998
0.511528
0.450563
0.316175
0.495182
0.540525
0.599505
0.497209
0.656844
0.532165
0.489407
0.381895
0.353219
0.398923
0.471712
0.516387
0.5735
0.486831
0.598361
0.594943
0.534117
0.540093
0.608671
0.599759
0.568527
0.575335
0.57927
0.556689
0.506272
0.53711
0.54999
0.432509
0.434699
0.473286
0.432489
0.420395
0.321484
0.274636
0.365493
0.317684
0.335655
0.359846
0.351435
0.470621
0.441745
0.520731
0.540244
0.550437
0.474459
0.420296
0.571015
0.63523
0.504629
0.511436
0.609275
0.599019
0.566574
0.634746
0.597987
0.501805
0.470705
0.415751
0.523166
0.646244
0.548165
0.512592
0.412927
0.327409
0.494613
0.513837
0.511576
0.505028
0.422527
0.346152
0.35454
0.406108
0.444084
0.463844
0.418496
0.503085
0.544005
0.462327
0.484129
0.552023
0.563457
0.481375
0.52983
0.584912
0.505115
0.5146
0.411069
0.484219
0.425155
0.484881
0.44052
0.385109
0.34075
0.304571
0.285032
0.318598
0.405568
0.443195
0.48024
0.451402
0.440335
0.372728
0.391274
0.407076
0.427908
0.396267
0.468906
0.477019
0.467129
0.410929
0.350913
0.354431
0.253555
0.226556
0.320103
0.282488
0.330617
0.505904
0.524482
0.303907
0.267899
0.283174
0.381457
0.365113
0.407454
0.486174
0.400885
0.32577
0.341113
0.440979
0.459378
0.326622
0.351313
0.375609
0.439749
0.344498
0.438641
0.334417
0.371413
0.380642
0.4634
0.418944
0.421706
0.411426
0.468834
0.487707
0.510431
0.531381
0.533187
0.596547
0.596585
0.496378
0.503496
0.59398
0.604109
0.508601
0.515149
0.522118
0.488096
0.445256
0.45623
0.489883
0.430219
0.477508
0.539216
0.545242
0.62476
0.537975
0.700809
0.703758
0.688734
0.588442
0.731491
0.673392
0.664357
0.634102
0.621763
0.590975
0.611299
0.680395
0.664148
0.669435
0.641688
0.616469
0.638086
0.636363
0.545274
0.53117
0.507392
0.595622
0.610463
0.677343
0.748536
0.709949
0.685719
0.596886
0.567849
0.501562
0.48834
0.52643
0.488906
0.456885
0.50852
0.578339
0.526742
0.654715
0.672144
0.544949
0.598996
0.643662
0.559122
0.480612
0.46902
0.458407
0.481516
0.488696
0.46641
0.46902
0.536811
0.523398
0.534584
0.633255
0.572002
0.653383
0.589785
0.465616
0.592129
0.636193
0.68246
0.73556
0.5758
0.605488
0.651309
0.567137
0.717959
0.819147
0.484852
0.76455
0.835949
0.649593
0.538798
0.709624
0.618843
0.694807
0.569934
0.573447
0.639723
0.568568
0.558327
0.524458
0.608519
0.507832
0.593779
0.410721
0.393453
0.292479
0.333373
0.467428
0.502103
0.560912
0.414581
0.597207
0.513639
0.569526
0.570537
0.605037
0.673535
0.718678
0.723795
0.680398
0.777147
0.859279
0.816549
0.717854
0.911572
0.97817
0.795996
0.836892
0.787162
0.870218
0.765256
0.673177
0.747689
0.806248
0.692809
0.723631
0.573394
0.468179
0.559961
0.631428
0.556546
0.560946
0.569346
0.487007
0.396843
0.244488
0
0.339089
0
0.456194
0
0.176501
0.301242
0.254626
0.320149
0.243416
0.307161
0.2787
0.283197
0.324467
0.33069
0.255311
0.22357
0.250869
0.311433
0.370141
0.534559
0.470752
0.607796
0.536524
0.453561
0.470165
0.58719
0.670402
0.409947
0.608947
0.931609
0.691517
0.688485
0.837674
0.957012
0.758668
0.79246
0.764194
0.857971
0.712366
0.601948
0.605028
0.525538
0.380928
0.747194
0.756476
0.738078
0.600224
0.580467
0.396832
0.348562
0.484718
0.398638
0.297821
0.478964
0.513945
0.573107
0.47791
0.613142
0.522861
0.481989
0.378711
0.339559
0.387176
0.419003
0.455732
0.537557
0.429334
0.536838
0.563133
0.507271
0.509175
0.581379
0.558491
0.511927
0.562783
0.532936
0.500282
0.449471
0.451402
0.508039
0.40671
0.395085
0.461665
0.412743
0.406849
0.321021
0.269835
0.35734
0.310007
0.323768
0.334129
0.330186
0.430744
0.429194
0.49116
0.530557
0.522444
0.468176
0.423064
0.555574
0.597063
0.506754
0.523342
0.576745
0.575118
0.578268
0.610638
0.559319
0.472461
0.498111
0.437883
0.508152
0.615769
0.544094
0.511144
0.423401
0.335076
0.491545
0.482947
0.458879
0.488122
0.405437
0.352482
0.354101
0.383785
0.400178
0.421502
0.386901
0.468364
0.50685
0.425941
0.490762
0.534926
0.547295
0.475231
0.495619
0.551276
0.49018
0.478799
0.375234
0.475
0.394374
0.432241
0.391599
0.363765
0.306885
0.292833
0.274443
0.289496
0.387761
0.437175
0.442203
0.426538
0.411069
0.344786
0.349114
0.371885
0.397784
0.377713
0.430971
0.486284
0.464245
0.370344
0.322283
0.302274
0.247767
0.235849
0.287767
0.27488
0.34878
0.477223
0.513907
0.322417
0.254079
0.236365
0.371961
0.352295
0.39954
0.465811
0.411867
0.340644
0.344517
0.469424
0.474137
0.341133
0.366088
0.412908
0.478267
0.368142
0.438892
0.324088
0.346823
0.375338
0.439883
0.394701
0.402582
0.391611
0.427504
0.455148
0.479219
0.489477
0.494961
0.552553
0.560057
0.455449
0.467304
0.571927
0.544314
0.46583
0.497891
0.504019
0.460069
0.445256
0.441985
0.444276
0.434615
0.461856
0.514928
0.520215
0.637037
0.553239
0.732802
0.696854
0.697713
0.620491
0.761636
0.70744
0.674328
0.657278
0.639057
0.591598
0.633432
0.681714
0.688035
0.697434
0.656874
0.61996
0.663568
0.667505
0.506895
0.49903
0.477736
0.607114
0.628461
0.674951
0.7719
0.738031
0.69057
0.662907
0.53326
0.498672
0.424781
0.470165
0.42493
0.455019
0.504005
0.582521
0.533047
0.722679
0.701224
0.549904
0.585529
0.637434
0.554691
0.476979
0.466544
0.457775
0.472709
0.470253
0.486313
0.463744
0.524968
0.51688
0.535073
0.646537
0.57573
0.659938
0.56239
0.493685
0.633583
0.66437
0.663981
0.658407
0.617745
0.668648
0.636293
0.650068
0.812682
0.884464
0.50968
0.767469
0.914996
0.755674
0.600778
0.75473
0.604774
0.724087
0.550448
0.563908
0.658161
0.571963
0.598389
0.537127
0.631521
0.442452
0.591107
0.340852
0.39335
0.283105
0.332705
0.464128
0.515751
0.588774
0.428386
0.630942
0.572661
0.59853
0.581288
0.588829
0.710228
0.69985
0.683528
0.67207
0.763897
0.808434
0.750598
0.677012
0.794996
0.950088
0.890578
0.838753
0.817682
0.929711
0.831998
0.695068
0.803502
0.884478
0.692867
0.678371
0.646343
0.506423
0.501895
0.633604
0.549007
0.683854
0.561067
0.528664
0.421801
0.256522
0
0.355256
0
0.44138
0
0.182409
0.262347
0.273852
0.330672
0.266727
0.339077
0.313803
0.292579
0.296814
0.297544
0.239076
0.217219
0.22863
0.298256
0.378646
0.614757
0.50859
0.627808
0.564633
0.46105
0.511878
0.675544
0.737115
0.402587
0.59093
0.765378
0.645008
0.693019
0.704891
0.816464
0.781179
0.751349
0.683627
0.807363
0.75101
0.568385
0.603594
0.528102
0.472192
0.830971
0.728679
0.824398
0.644077
0.623295
0.409743
0.35199
0.46198
0.444255
0.350142
0.490797
0.542758
0.602166
0.503372
0.653377
0.539637
0.493569
0.398277
0.361895
0.384125
0.454179
0.498752
0.567887
0.466917
0.587647
0.582215
0.5605
0.526872
0.607718
0.608043
0.568307
0.578404
0.556893
0.556349
0.492252
0.523398
0.518176
0.411069
0.380786
0.453124
0.391768
0.427118
0.342817
0.280234
0.37364
0.32271
0.346722
0.380563
0.392352
0.488308
0.495633
0.538889
0.540001
0.539393
0.466515
0.399451
0.531518
0.574353
0.536392
0.564747
0.54395
0.565034
0.577757
0.629303
0.564953
0.446481
0.50827
0.452211
0.525365
0.647701
0.548144
0.529371
0.473574
0.418075
0.592721
0.518651
0.532106
0.531092
0.434928
0.382499
0.381803
0.42213
0.445591
0.473339
0.425686
0.524302
0.552047
0.461678
0.502462
0.560815
0.572743
0.498039
0.517975
0.607052
0.508579
0.514315
0.43131
0.459353
0.392639
0.45852
0.405921
0.376864
0.316122
0.297296
0.275447
0.298943
0.402669
0.425509
0.434498
0.430632
0.441324
0.378533
0.378533
0.395123
0.409623
0.380164
0.392094
0.448809
0.460732
0.345811
0.323153
0.308307
0.25813
0.248492
0.324354
0.279829
0.315437
0.49364
0.530178
0.317524
0.285758
0.303821
0.396153
0.347281
0.468481
0.512157
0.460297
0.406437
0.372178
0.490574
0.550308
0.359068
0.359949
0.404098
0.530671
0.394238
0.474178
0.334777
0.358148
0.324491
0.407364
0.39724
0.416339
0.387408
0.422248
0.46848
0.485707
0.497072
0.508375
0.582469
0.579551
0.467025
0.477563
0.580681
0.587034
0.501608
0.524203
0.559766
0.50973
0.479706
0.484304
0.464991
0.474521
0.51303
0.543259
0.53581
0.662074
0.553902
0.704558
0.696973
0.675395
0.59459
0.790936
0.675896
0.642117
0.672937
0.664841
0.641717
0.658839
0.741382
0.677685
0.663829
0.647014
0.608926
0.654111
0.648836
0.534953
0.542538
0.506042
0.639903
0.64048
0.670381
0.770215
0.743785
0.701499
0.653907
0.490062
0.494726
0.488293
0.562505
0.540574
0.454745
0.529338
0.556874
0.52976
0.660475
0.699957
0.53378
0.582901
0.62866
0.552717
0.505983
0.493727
0.457142
0.473933
0.486611
0.51145
0.484219
0.557034
0.562594
0.539042
0.638062
0.580551
0.675551
0.602819
0.468224
0.623842
0.657584
0.650939
0.659372
0.580214
0.601475
0.659305
0.585429
0.717754
0.83734
0.572991
0.79215
0.86294
0.678978
0.650988
0.776814
0.637322
0.731087
0.595287
0.592404
0.651981
0.601519
0.585211
0.537616
0.620548
0.459501
0.590235
0.395053
0.444516
0.308724
0.376207
0.49752
0.53666
0.611003
0.484589
0.600634
0.601923
0.562348
0.577848
0.605309
0.665412
0.639485
0.732797
0.703146
0.747809
0.748901
0.695633
0.675606
0.793628
0.89237
0.821001
0.815678
0.791109
0.904738
0.791012
0.686118
0.798348
0.806376
0.708961
0.726303
0.641664
0.491922
0.585807
0.686563
0.628864
0.633432
0.569245
0.491236
0.411134
0.255122
0
0.362759
0
0.416141
0
0.177707
0.274178
0.242457
0.324482
0.252951
0.333069
0.300803
0.289552
0.327603
0.319656
0.253858
0.230573
0.237275
0.279292
0.375217
0.619776
0.545457
0.609787
0.577695
0.459156
0.489992
0.655064
0.760405
0.427539
0.536851
0.750318
0.6452
0.641955
0.667794
0.834292
0.736518
0.725953
0.64226
0.82897
0.8061
0.598106
0.540028
0.520446
0.454963
0.813194
0.778553
0.800582
0.657405
0.57467
0.409288
0.362887
0.523456
0.413576
0.296883
0.510693
0.546441
0.615522
0.515351
0.688463
0.549848
0.525694
0.41981
0.383757
0.436966
0.477662
0.509684
0.576618
0.487904
0.595534
0.598807
0.558217
0.550283
0.600834
0.599996
0.561159
0.544902
0.553623
0.558253
0.498424
0.529862
0.525871
0.412294
0.372566
0.443375
0.415319
0.40813
0.321209
0.264485
0.359778
0.30588
0.327483
0.373829
0.37431
0.487402
0.447912
0.501055
0.534745
0.55467
0.495376
0.439455
0.586619
0.650823
0.513651
0.53165
0.576865
0.599904
0.585666
0.61302
0.61809
0.509415
0.495336
0.441525
0.513488
0.654042
0.541221
0.498986
0.425478
0.370535
0.497763
0.490056
0.498753
0.525397
0.423693
0.360241
0.366965
0.408854
0.427826
0.441172
0.421177
0.507411
0.542247
0.448479
0.486978
0.544307
0.581579
0.458987
0.505798
0.577917
0.492842
0.510018
0.404136
0.47781
0.407086
0.453499
0.420075
0.388947
0.346773
0.335723
0.307373
0.335907
0.412233
0.451076
0.451676
0.451402
0.447207
0.364586
0.37935
0.409623
0.427566
0.395505
0.439011
0.480427
0.48625
0.394757
0.342769
0.332185
0.263931
0.263625
0.340385
0.289073
0.350421
0.528982
0.558127
0.316955
0.293891
0.295942
0.403301
0.412092
0.427595
0.496342
0.424687
0.358165
0.364161
0.417706
0.460934
0.358249
0.364621
0.386589
0.469334
0.359699
0.432424
0.324552
0.365391
0.353915
0.438564
0.397143
0.406382
0.375484
0.427449
0.492566
0.508855
0.508516
0.526961
0.592636
0.575575
0.476412
0.496924
0.582364
0.558191
0.477665
0.521485
0.539522
0.471789
0.419951
0.471327
0.482418
0.45025
0.496618
