0.474614
0.627621
0.573225
0.477508
0.524053
0.524732
0.424882
0.423367
0.527755
0.460714
0.480828
0.626887
0.516187
0.394354
0.414158
0.522904
0.589758
0.485206
0.525172
0.665741
0.658281
0.592602
0.670032
0.770009
0.691191
0.737226
0.796758
0.794503
0.767302
0.733915
0.777492
0.846807
0.786104
0.709008
0.758496
0.765277
0.570515
0.575518
0.767266
0.784748
0.773646
0.73363
0.586117
0.565054
0.644677
0.764334
0.723635
0.799256
0.865271
0.810862
0.747845
0.785955
0.914231
0.817917
0.778365
0.769515
0.857235
0.808742
0.84967
0.789295
0.853991
0.809123
0.743136
0.727628
0.946888
0.8731
0.830459
0.94504
0.951919
0.797863
0.782651
0.799187
0.743519
0.760747
0.763581
0.729324
0.79638
0.811889
0.732737
0.779588
0.753718
0.768839
0.938735
0.968763
0.968231
0.930116
0.837716
0.848194
0.854045
0.815746
0.854422
0.70958
0.774373
0.822735
0.853451
0.780459
0.832619
0.8445
0.848177
0.826383
0.715983
0.540329
0.503324
0
0.73128
0.5692
0.558922
0.517327
0.695999
0.902279
0.648859
0.364187
0
0.466535
0.707064
0.732675
0.718935
0.790834
0.678446
0.775628
0.864235
0.835515
0.94235
0.826021
0.8281
0.851626
0.842563
0.818777
0.816639
0.771866
0.864288
0.942237
0.782546
0.760885
0.666054
0.721586
0.873235
0.811504
0.882405
0.886595
0.847086
0.833603
0.852141
0.853364
0.817249
0.8167
0.812714
0.759699
0.785398
0.77496
0.806197
0.755026
0.593407
0.609209
0.640891
0.616048
0.675951
0.632175
0.645485
0.61845
0.612394
0.526031
0.552966
0.540292
0.574955
0.614746
0.649835
0.587225
0.618576
0.636104
0.505833
0.547257
0.588185
0.573316
0.494133
0.475719
0.506515
0.586915
0.531801
0.658635
0.647052
0.849442
0.779631
0.836316
0.827833
0.899424
0.93106
0.944875
0.862102
0.776407
0.766819
0.85711
0.793123
0.929966
0.933619
0.905062
0.81379
0.931005
0.867554
0.929445
0.870725
0.930695
0.921019
0.778389
0.810396
0.779822
0.688551
0.638065
0.702002
0.724177
0.864339
0.749547
0.769916
0.765501
0.855217
0.817709
0.854589
0.863825
0.902538
0.853523
0.884406
0.854169
0.884347
0.819205
0.821544
0.810616
0.772347
0.734713
0.891506
0.878425
0.796264
0.67271
0.698111
0.633375
0.680664
0.827369
0.79519
0.734471
0.746112
0.726477
0.676024
0.728526
0.826742
0.844898
0.9594
0.957479
1
0.941991
0.768958
0.70463
0.482765
0.612372
0.740488
0.577422
0.640347
0.625873
0.753832
0.565696
0.618217
0.621731
0.594265
0.608211
0.577005
0.606266
0.844336
0.780943
0.82385
0.952028
0.859693
0.878205
0.813219
0.821317
0.732938
0.870338
0.754821
0.737707
0.661993
0.712322
0.615694
0.514287
0.530901
0.478903
0.367
0.4228
0.441244
0.481663
0.539274
0.665798
0.684384
0.777662
0.707121
0.614633
0.611419
0.59173
0.535045
0.563064
0.466565
0.385233
0.350408
0.332608
