0.31593
0.419916
0.347922
0.392679
0.391386
0.41796
0.397088
0.378159
0.322948
0.40055
0.337514
0.347842
0.332337
0.255129
0.237632
0.245381
0.281231
0.35249
0.326125
0.328959
0.372739
0.319419
0.367675
0.379447
0.363854
0.370503
0.370192
0.336378
0.352168
0.370999
0.36705
0.367246
0.350287
0.355754
0.408099
0.364922
0.34142
0.364756
0.405012
0.363278
0.367466
0.455869
0.372452
0.350197
0.394616
0.394457
0.369129
0.325607
0.292806
0.325378
0.316807
0.282893
0.270515
0.231899
0.266786
0.27589
0.29974
0.293434
0.319695
0.332212
0.348609
0.336013
0.355688
0.392444
0.396251
0.362107
0.362467
0.397427
0.380707
0.386452
0.397348
0.447623
0.444913
0.452547
0.442297
0.438046
0.401047
0.413879
0.477106
0.436696
0.401203
0.411316
0.374564
0.371645
0.354527
0.308994
0.315585
0.300816
0.34742
0.341456
0.334381
0.355856
0.371421
0.565131
0.441079
0.636006
0.588322
0.598243
0.48276
0.435386
0.424202
0.460939
0.479502
0.430234
0.446241
0.402138
0.461041
0.4175
0.402787
0.424023
0.388714
0.37514
0.413774
0.448021
0.434905
0.424171
0.42386
0.407793
0.443497
0.407508
0.359368
0.363744
0.412137
0.399654
0.418726
0.327878
0.319978
0.302583
0.224921
0.320867
0.357238
0.437854
0.297871
0.3088
0.319893
0.386196
0.346357
0.363114
0.415883
0.369969
0.413686
0.38522
0.441041
0.40137
0.385362
0.39946
0.425677
0.335383
0.362719
0.321578
0.293794
0.367721
0.402225
0.375881
0.417167
0.365064
0.436076
0.362043
0.294616
0.314541
0
0.261796
0.186536
0.177644
0.274397
0.304553
0.246534
0.214103
0.258153
0.254078
0.253766
0.303886
0.276609
0.275616
0.34836
0.295749
0.348155
0.411723
0.440867
0.396339
0.483077
0.472223
0.347207
0.313865
0.394911
0.382262
0.411337
0.404867
0.377103
0.369336
0.429542
0.441517
0.431857
0.453067
0.43593
0.410814
0.384918
0.305985
0.271523
0.281965
0.316198
0.313693
0.313759
0.277479
0.312895
0.308009
0.301243
0.400549
0.381781
0.418932
0.44077
0.452059
0.493423
0.530249
0.420871
0.476028
0.398419
0.416783
0.318354
0
0.350666
0.478648
0.421741
0.35911
0.355573
0.553604
0.462569
0.481916
0.756746
0.722562
0.547784
0.777019
0.914528
0.862059
0.822216
0.775717
0.59101
0.741304
0.663813
0.577868
0.65927
0.680832
0.599923
0.561734
0.453662
0.450891
0.436219
0.619758
0.525863
0.34529
0.37556
0.449772
0.434034
0.425625
0.47649
0.424516
0.394899
0.481514
0.387351
0.449364
0.498385
0.428086
0.37811
0.379053
0.397372
0.600523
0.466437
0.696539
0.683839
0.576551
0.511759
0.410942
0.331611
0.243227
0.154827
0
0.273995
0.323665
0.417953
0.517596
0.440886
0.443065
0.473943
0.444733
0.530905
0.53141
0.529021
0.594964
0.560851
0.544285
0.665639
0.68476
0.744177
0.679367
0.680124
0.841956
0.686972
0.630779
0.962289
0.723298
0.616204
0.735833
0.727688
0.542826
0.574254
0.732114
0.495643
0.480541
0.645262
0.704853
0.541902
0.537518
0.689153
0.67565
0.618202
0.635332
0.607096
0.668794
0.639349
0.597858
0.60795
0.56371
0.50501
0.50517
0.499633
0.577932
0.49873
0.44327
0.481505
0.575802
0.634157
0.609748
0.558558
0.513382
0.467134
0.43883
0.38184
0.336585
0.343803
0.397252
0.378531
0.373737
0.339879
0.328756
0.305287
0.196734
0.288075
0.405194
0.536756
0.435938
0.426232
0.402402
0.570121
0.48845
0.463035
0.457891
0.593918
0.545211
0.528022
0.613557
0.604277
0.612212
0.505467
0.516564
0.540213
0.456229
0.465302
0.434975
0.369998
0.300805
0.355819
0.317535
0.361228
0.318894
0.335872
0.413044
0.36829
0.337171
0.368351
0.425735
0.391536
0.378087
0.431691
0.420697
0.377338
0.414171
0.52008
0.464969
0.493678
0.439616
0.493017
0.453955
0.477693
0.502044
0.534421
0.575553
0.609492
0.610936
0.54214
0.545446
0.583118
0.511937
0.540936
0.588251
0.614823
0.597192
0.482699
0.441886
0.452019
0.43345
0.377642
0.441559
0.465794
0.466944
0.443845
0.488242
0.478333
0.497273
0.454334
0.44419
0.552983
0.532904
0.391892
0.400882
0.601689
0.484635
0.507719
0.477895
0.499753
0.565964
0.566419
0.644411
0.639216
0.615317
0.526896
0.630836
0.579999
0.560304
0.482927
0.413647
0.457881
0.464541
0.409063
0.44212
0.515747
0.464171
0.422783
0.488566
0.503592
0.539288
0.461445
0.455497
0.504808
0.590394
0.664522
0.679458
0.459655
0.416309
0.35979
0.325457
0.3972
0.364354
0.414251
0.398697
0.418794
0.406216
0.367562
0.313854
0.405341
0.362438
0.374628
0.34296
0.281073
0.273786
0.281776
0.299209
0.337905
0.291408
0.328824
0.373201
0.314446
0.369467
0.393228
0.361121
0.366957
0.38093
0.337651
0.36198
0.419439
0.370836
0.358497
0.38302
0.358884
0.402443
0.38184
0.362546
0.378357
0.409648
0.38107
0.377665
0.445106
0.374628
0.35275
0.400729
0.394495
0.35987
0.331219
0.296157
0.339246
0.324965
0.29962
0.270024
0.233195
0.269877
0.282992
0.305323
0.292033
0.321358
0.334609
0.365159
0.355624
0.359039
0.401222
0.424336
0.390773
0.404358
0.425829
0.405599
0.417971
0.40368
0.434791
0.428409
0.431558
0.411441
0.429615
0.386651
0.399488
0.458236
0.422136
0.381463
0.395719
0.389656
0.3876
0.356531
0.309257
0.310608
0.32415
0.340079
0.309674
0.298791
0.322161
0.323737
0.455053
0.383298
0.505553
0.471296
0.4958
0.432536
0.375069
0.361533
0.447016
0.457468
0.395892
0.387964
0.3905
0.419762
0.407786
0.393882
0.411258
0.35407
0.350161
0.385578
0.41894
0.41115
0.417737
0.407292
0.410396
0.434629
0.402596
0.345578
0.356283
0.421709
0.425767
0.455152
0.371717
0.338129
0.266211
0.222007
0.329403
0.354141
0.411039
0.301852
0.306581
0.317099
0.334041
0.338474
0.347984
0.377886
0.337753
0.420499
0.417379
0.430852
0.417846
0.405714
0.405475
0.404238
0.33085
0.377829
0.34867
0.327942
0.399215
0.416383
0.412681
0.424269
0.37096
0.435191
0.358791
0.295145
0.329319
0
0.256342
0.183308
0.175749
0.287973
0.309747
0.240639
0.20523
0.255412
0.236473
0.238324
0.253626
0.281905
0.28272
0.345161
0.311811
0.315293
0.387784
0.436489
0.409161
0.4839
0.465006
0.340937
0.321584
0.386373
0.371786
0.407158
0.400455
0.361469
0.377806
0.432743
0.436756
0.418495
0.431148
0.413435
0.414022
0.39433
0.322741
0.27497
0.274877
0.302631
0.314594
0.313791
0.271762
0.297043
0.305612
0.293142
0.358863
0.37709
0.409903
0.442016
0.457492
0.490281
0.480986
0.414829
0.44773
0.37979
0.394915
0.318448
0
0.367846
0.505099
0.369819
0.392604
0.3575
0.532245
0.513474
0.490885
0.760001
0.696848
0.570542
0.876641
0.938713
0.815504
0.841264
0.922251
0.660062
0.859111
0.816147
0.607051
0.735937
0.763725
0.693892
0.626228
0.461326
0.479092
0.510189
0.757024
0.575497
0.386524
0.407051
0.50099
0.373352
0.348
0.497171
0.442059
0.364436
0.445257
0.388202
0.405282
0.532169
0.469929
0.402695
0.402084
0.40102
0.569749
0.471521
0.747295
0.693188
0.585597
0.520884
0.416072
0.324748
0.238567
0.15386
0
0.281322
0.338428
0.402413
0.535855
0.456457
0.463805
0.474866
0.427665
0.503727
0.489614
0.439307
0.53955
0.545265
0.481474
0.5487
0.626322
0.630834
0.602494
0.640936
0.675018
0.605104
0.570718
0.739967
0.615389
0.593178
0.801128
0.79503
0.550598
0.603932
0.758217
0.500288
0.49513
0.686053
0.749917
0.555476
0.561639
0.749609
0.674839
0.611194
0.615854
0.633376
0.65222
0.648965
0.641332
0.613578
0.552362
0.46033
0.470375
0.410611
0.530833
0.449879
0.429488
0.485316
0.576914
0.612609
0.590125
0.517152
0.516663
0.474784
0.446457
0.395516
0.334122
0.340489
0.416927
0.383182
0.362662
0.339931
0.3108
0.305878
0.193752
0.280254
0.404644
0.547371
0.439202
0.411039
0.420513
0.549284
0.469182
0.450014
0.491215
0.563421
0.510971
0.536175
0.567771
0.546509
0.579645
0.502682
0.499138
0.52281
0.443844
0.446239
0.419775
0.375455
0.294293
0.356241
0.307638
0.352073
0.364105
0.358596
0.412695
0.35643
0.326321
0.348842
0.414922
0.379499
0.402447
0.441766
0.411316
0.381693
0.421443
0.490563
0.438028
0.476401
0.417655
0.476637
0.440882
0.459326
0.474564
0.492102
0.554552
0.578225
0.568911
0.544212
0.537308
0.586287
0.523674
0.57399
0.578666
0.601409
0.561792
0.471921
0.458281
0.460954
0.448866
0.389812
0.438856
0.475997
0.463728
0.437548
0.485879
0.47996
0.543366
0.453134
0.445835
0.537639
0.531395
0.374828
0.387245
0.577229
0.478317
0.464962
0.443391
0.488058
0.563407
0.590568
0.640887
0.596009
0.576362
0.518764
0.695198
0.604263
0.606274
0.538564
0.447253
0.499617
0.488339
0.418558
0.46726
0.578348
0.452519
0.451929
0.505349
0.498995
0.565145
0.472982
0.505566
0.546825
0.648064
0.734515
0.779746
0.515749
0.424792
0.419772
0.277681
0.404123
0.366153
0.43635
0.40439
0.410606
0.409913
0.414622
0.364154
0.361913
0.327119
0.366581
0.345222
0.287188
0.262498
0.273611
0.29512
0.359061
0.339376
0.351479
0.37915
0.328933
0.391211
0.410663
0.362466
0.383785
0.430946
0.373796
0.367938
0.424016
0.376362
0.373974
0.373151
0.355156
0.412631
0.381364
0.361199
0.387693
0.415188
0.382808
0.380087
0.46887
0.383662
0.352482
0.401194
0.387459
0.366899
0.32674
0.310839
0.361538
0.330865
0.297995
0.303048
0.252853
0.289507
0.290681
0.326888
0.308984
0.322359
0.337725
0.373001
0.359683
0.346979
0.402104
0.4407
0.409292
0.394123
0.422895
0.400591
0.410711
0.410466
0.452383
0.44768
0.457836
0.44925
0.457226
0.418642
0.420597
0.472584
0.45365
0.407083
0.441426
0.444534
0.434103
0.371415
0.314965
0.355418
0.291669
0.314405
0.32977
0.315083
0.331977
0.332198
0.471565
0.376854
0.450446
0.463025
0.416213
0.395206
0.377026
0.365974
0.421382
0.432974
0.402365
0.409009
0.41817
0.417617
0.392599
0.403858
0.425316
0.412676
0.414416
0.452551
0.477602
0.455449
0.46671
0.45738
0.467309
0.500672
0.456136
0.386212
0.380392
0.42397
0.458594
0.457021
0.378246
0.358075
0.296476
0.225131
0.301048
0.405734
0.510965
0.282448
0.325136
0.381917
0.395998
0.4244
0.462828
0.447909
0.385289
0.471736
0.48434
0.479043
0.457703
0.441403
0.484936
0.463685
0.345801
0.397231
0.357525
0.341197
0.416012
0.437293
0.425288
0.445057
0.410707
0.459692
0.409993
0.297613
0.339803
0
0.277134
0.181757
0.182855
0.265804
0.299536
0.268814
0.218231
0.272898
0.254033
0.256503
0.28317
0.284779
0.299949
0.361246
0.341198
0.392706
0.401628
0.394936
0.415495
0.50036
0.486115
0.360952
0.329697
0.409031
0.39917
0.432721
0.427449
0.377451
0.393127
0.454664
0.473413
0.457428
0.456424
0.420031
0.432997
0.436211
0.345802
0.267691
0.28501
0.344905
0.325866
0.323561
0.277639
0.284272
0.295408
0.313597
0.410408
0.386462
0.462514
0.502001
0.49545
0.545299
0.556412
0.428901
0.507826
0.417336
0.420391
0.329147
0
0.349917
0.49992
0.387206
0.41369
0.364623
0.54901
0.469162
0.507053
0.81377
0.682592
0.504478
0.718607
0.867805
0.81382
0.763601
0.726076
0.599394
0.729892
0.65292
0.572915
0.655422
0.671194
0.616004
0.563611
0.439702
0.466114
0.492037
0.634805
0.529994
0.381033
0.424479
0.497457
0.463651
0.428809
0.528929
0.453921
0.390128
0.51405
0.380492
0.4538
0.571991
0.492022
0.399439
0.382732
0.374847
0.555622
0.459634
0.709746
0.623204
0.569243
0.513782
0.391123
0.308965
0.230007
0.157461
0
0.259487
0.285763
0.390411
0.47051
0.424283
0.410648
0.454736
0.466841
0.510342
0.490523
0.537195
0.532713
0.518049
0.537383
0.645583
0.690183
0.700405
0.666019
0.67658
0.809631
0.66935
0.610102
0.967406
0.725704
0.593343
0.749431
0.778812
0.477645
0.545886
0.690952
0.450129
0.462782
0.649134
0.689089
0.558055
0.547994
0.693989
0.652854
0.577382
0.56122
0.555271
0.612204
0.57661
0.53329
0.549019
0.592132
0.475623
0.481961
0.504647
0.587664
0.480108
0.451123
0.572413
0.593553
0.607672
0.579313
0.523752
0.524488
0.485969
0.491064
0.404138
0.336987
0.352478
0.406327
0.385856
0.397006
0.383836
0.354706
0.318532
0.204707
0.284239
0.399044
0.518284
0.462234
0.423767
0.429273
0.553863
0.50142
0.440664
0.485
0.53571
0.525326
0.488775
0.566786
0.569399
0.543579
0.505823
0.509554
0.522942
0.468529
0.471152
0.454975
0.412381
0.334916
0.391555
0.330992
0.363637
0.309457
0.340803
0.436528
0.384226
0.335037
0.374284
0.435855
0.383577
0.367852
0.399278
0.403701
0.354858
0.412319
0.484581
0.456493
0.470249
0.437831
0.502466
0.444466
0.472921
0.492587
0.49476
0.549704
0.569664
0.591499
0.548449
0.532996
0.595083
0.570208
0.609823
0.549689
0.586128
0.556004
0.504697
0.456493
0.450203
0.452767
0.40296
0.463867
0.481001
0.460607
0.438566
0.489278
0.461837
0.483835
0.418741
0.430682
0.518839
0.488566
0.361472
0.394428
0.548124
0.458697
0.431545
0.399901
0.478991
0.553045
0.546839
0.587761
0.568996
0.545186
0.486615
0.578622
0.535983
0.527688
0.453252
0.388626
0.42002
0.433187
0.388545
0.412319
0.490594
0.44788
0.402829
0.453934
0.452732
0.517129
0.451929
0.465052
0.475548
0.543208
0.613925
0.667395
0.403261
0.343317
0.359246
0.291085
0.392563
0.369421
0.37664
0.391258
0.40067
0.379148
0.370048
0.326224
0.377471
0.325113
0.363323
0.345913
0.274742
0.259644
0.263506
0.291124
0.346788
0.31619
0.349198
0.383309
0.335229
0.380977
0.406256
0.386089
0.37886
0.402335
0.343751
0.354449
0.387624
0.34925
0.363532
0.368532
0.352342
0.415984
0.378417
0.366638
0.381359
0.434327
0.390055
0.391972
0.469629
0.410384
0.38285
0.412392
0.405196
0.393616
0.344893
0.304288
0.354954
0.347492
0.311638
0.280037
0.241763
0.280813
0.284662
0.322513
0.310345
0.329628
0.34294
0.381512
0.375419
0.370119
0.427553
0.434357
0.397583
0.394486
0.408539
0.402867
0.379823
0.396844
0.435388
0.44486
0.445724
0.444553
0.457278
0.408675
0.406771
0.441109
0.429162
0.386431
0.4098
0.399615
0.390656
0.35942
0.29467
0.309985
0.244431
0.280031
0.306182
0.300722
0.309976
0.314219
0.397492
0.32232
0.340618
0.329578
0.361021
0.373666
0.345674
0.345983
0.43505
0.414437
0.401805
0.376249
0.345378
0.367601
0.35136
0.342441
0.355626
0.363418
0.350684
0.398644
0.408268
0.415501
0.413263
0.409603
0.409367
0.450028
0.406421
0.357594
0.361358
0.445298
0.440591
0.46334
0.3571
0.323994
0.273993
0.207226
0.277657
0.3988
0.394123
0.287999
0.339865
0.323858
0.348871
0.362697
0.363586
0.362474
0.345993
0.429453
0.376112
0.403849
0.401369
0.38441
0.392075
0.387569
0.306585
0.355576
0.326499
0.311154
0.378447
0.435242
0.375883
0.426
0.402734
0.466072
0.396635
0.28766
0.324679
0
0.26718
0.190668
0.189187
0.283421
0.323739
0.256817
0.215686
0.25217
0.253812
0.25817
0.306804
0.294243
0.285114
0.354026
0.31478
0.325704
0.376951
0.401896
0.412885
0.490265
0.486564
0.349528
0.312143
0.379313
0.360478
0.398269
0.399383
0.366928
0.390105
0.443007
0.447816
0.423997
0.398241
0.398095
0.401469
0.37007
0.308343
0.245556
0.262361
0.322742
0.308467
0.302745
0.265003
0.281789
0.290098
0.272417
0.374583
0.350997
0.427478
0.439011
0.469271
0.507794
0.504087
0.431302
0.48488
0.38184
0.432675
0.341298
0
0.363187
0.523264
0.452072
0.376935
0.356821
0.531211
0.463854
0.501242
0.749119
0.744812
0.580532
0.880508
1
0.916896
0.861644
0.905048
0.662222
0.83384
0.777318
0.610576
0.663225
0.743949
0.682162
0.597242
0.416507
0.4436
0.478259
0.66294
0.557162
0.373957
0.404472
0.496182
0.426706
0.42225
0.478347
0.448292
0.40998
0.48215
0.416713
0.450876
0.568274
0.507315
0.418334
0.4127
0.410753
0.579964
0.485815
0.781299
0.685254
0.607585
0.556886
0.39783
0.324188
0.248719
0.147671
0
0.263195
0.322776
0.414749
0.509741
0.426783
0.446436
0.465076
0.44161
0.505219
0.483658
0.43709
0.558658
0.533105
0.453056
0.530252
0.51484
0.627446
0.60471
0.608078
0.708306
0.623513
0.561712
0.777841
0.621608
0.592244
0.843656
0.843671
0.548498
0.60721
0.843836
0.526997
0.513874
0.70304
0.743085
0.5724
0.562845
0.768178
0.693857
0.618043
0.637475
0.611159
0.654938
0.628427
0.614979
0.592463
0.588538
0.468724
0.469532
0.462137
0.567544
0.519067
0.478245
0.548579
0.605669
0.634314
0.621832
0.528713
0.500621
0.457732
0.486153
0.388585
0.340293
0.335879
0.401617
0.381178
0.370952
0.36104
0.336562
0.334049
0.206371
0.296901
0.415952
0.567866
0.451055
0.445175
0.442424
0.564908
0.493728
0.459396
0.482273
0.567481
0.557268
0.542824
0.568729
0.559514
0.596501
0.506516
0.49808
0.522242
0.461629
0.46259
0.446723
0.386112
0.31035
0.390728
0.340955
0.36491
0.314418
0.349537
0.431904
0.389591
0.369939
0.408659
0.480041
0.421963
0.395893
0.43825
0.430953
0.376521
0.40857
0.527492
0.475132
0.488718
0.443077
0.495698
0.458663
0.471587
0.491016
0.508035
0.535046
0.568087
0.57969
0.537639
0.532996
0.60607
0.549192
0.602588
0.555
0.612974
0.556126
0.472822
0.437617
0.434939
0.435116
0.392492
0.455138
0.473821
0.472314
0.443066
0.483329
0.470017
0.483224
0.420994
0.418741
0.517814
0.505349
0.380329
0.36915
0.569577
0.44192
0.462458
0.417872
0.507448
0.579306
0.560934
0.608108
0.582999
0.581819
0.506782
0.606915
0.548778
0.540859
0.47934
0.406682
0.43428
0.448449
0.397989
0.424116
0.501903
0.437937
0.410452
0.464945
0.475623
0.527308
0.45072
0.44265
0.493462
0.552664
0.67832
0.711789
0.434417
0.405457
0.330724
0.38399
0.334196
0.376287
0.373763
0.390763
0.374093
0.390337
0.343178
0.351618
0.316922
0.36969
0.349003
0.28924
0.275549
0.280514
0.305112
0.35656
0.300003
0.349393
0.393472
0.313667
0.400275
0.425646
0.362577
0.367008
0.400236
0.349052
0.340488
0.385386
0.360647
0.374295
0.362399
0.363748
0.386668
0.378816
0.366249
0.386433
0.418148
0.378054
0.386385
0.450313
0.390527
0.379242
0.410212
0.388021
0.376047
0.335729
0.2985
0.345638
0.354042
0.317206
0.281964
0.23749
0.272536
0.277041
0.309034
0.296247
0.316472
0.3275
0.353249
0.330925
0.34739
0.386969
0.380835
0.37311
0.410747
0.423598
0.418395
0.411773
0.404838
0.415157
0.44223
0.450056
0.425444
0.432107
0.413365
0.416166
0.434053
0.424694
0.389931
0.414225
0.410021
0.406223
0.35745
0.302686
0.309666
0.253655
0.281607
0.29654
0.27215
0.298054
0.331561
0.38183
0.323917
0.337499
0.316066
0.348372
0.362912
0.37468
0.354869
0.423946
0.380689
0.376837
0.361085
0.3329
0.388978
0.367739
0.396816
0.428734
0.365077
0.353766
0.396638
0.407026
0.41957
0.411723
0.411476
0.410293
0.45955
0.414414
0.368185
0.365833
0.414568
0.428367
0.464204
0.3369
0.329107
0.295729
0.216979
0.291536
0.376101
0.426032
0.285755
0.327829
0.311498
0.378175
0.359183
0.356415
0.396695
0.357818
0.43389
0.375322
0.408729
0.398524
0.378896
0.378421
0.387161
0.296847
0.336684
0.320803
0.291805
0.359101
0.41215
0.367769
0.412793
0.394188
0.470046
0.410862
0.311278
0.326939
0
0.269641
0.180861
0.183309
0.281424
0.317076
0.259067
0.208697
0.249201
0.24023
0.244358
0.26823
0.288274
0.287046
0.372179
0.363719
0.423107
0.417011
0.410983
0.428726
0.507554
0.501692
0.353783
0.318727
0.382518
0.377769
0.420417
0.40832
0.367005
0.382421
0.435285
0.439366
0.425375
0.407999
0.399823
0.413856
0.40224
0.320181
0.27538
0.282151
0.322723
0.312479
0.31467
0.278944
0.318341
0.3126
0.348192
0.395897
0.378235
0.451654
0.480946
0.470908
0.528576
0.564572
0.458013
0.516155
0.384774
0.45032
0.343978
0
0.357509
0.495101
0.424383
0.384809
0.371339
0.590351
0.50581
0.538866
0.796573
0.691538
0.550033
0.783704
0.897878
0.843893
0.807788
0.762967
0.619465
0.784318
0.721492
0.596622
0.669022
0.701205
0.63448
0.569384
0.427676
0.434754
0.443625
0.641794
0.51657
0.361361
0.412427
0.475934
0.448217
0.425751
0.459626
0.390136
0.403529
0.512294
0.392038
0.431835
0.496627
0.422037
0.357873
0.404967
0.409956
0.564833
0.473195
0.687871
0.654979
0.588038
0.525199
0.378412
0.295729
0.235372
0.150751
0
0.264628
0.306098
0.350366
0.417675
0.392607
0.423313
0.418267
0.438452
0.458445
0.430082
0.426474
0.554855
0.533146
0.442974
0.53072
0.487725
0.673471
0.545683
0.58592
0.717215
0.565244
0.580081
0.907908
0.684274
0.593008
0.728924
0.794454
0.495578
0.529585
0.693515
0.469671
0.471942
0.646878
0.727463
0.549483
0.549224
0.733237
0.712772
0.648129
0.674503
0.602315
0.703902
0.709522
0.634021
0.612306
0.626844
0.502084
0.59307
0.543467
0.61564
0.570071
0.504781
0.553648
0.630552
0.665162
0.613848
0.561068
0.522809
0.481862
0.479672
0.380848
0.316367
0.324757
0.396475
0.390552
0.366735
0.352575
0.329386
0.316639
0.195773
0.280798
0.387027
0.511503
0.427665
0.425713
0.420827
0.582864
0.491374
0.460095
0.499954
0.613626
0.58285
0.602467
0.676385
0.656484
0.679457
0.550839
0.541836
0.557776
0.467824
0.480365
0.449064
0.397175
0.314456
0.374913
0.326899
0.363564
0.307855
0.329694
0.430059
0.383419
0.355811
0.39085
0.460783
0.405674
0.414926
0.466733
0.450826
0.410924
0.460662
0.567478
0.503202
0.497973
0.44682
0.512854
0.477567
0.505598
0.508677
0.537914
0.575196
0.603783
0.630622
0.587382
0.571469
0.630714
0.565447
0.643649
0.575565
0.644224
0.562645
0.477817
0.461208
0.457464
0.457366
0.389274
0.474824
0.488854
0.449864
0.452166
0.498995
0.490139
0.493799
0.442535
0.431976
0.540605
0.515414
0.380329
0.417834
0.602116
0.464998
0.47128
0.449736
0.527644
0.582201
0.567022
0.633592
0.590145
0.601325
0.491341
0.593396
0.541829
0.527146
0.462316
0.392231
0.447702
0.442567
0.374286
0.427276
0.506545
0.452732
0.420545
0.481591
0.490382
0.529992
0.473004
0.45972
0.486937
0.541506
0.669946
0.688285
0.420587
0.355888
0.463258
0.298835
0.399676
0.359913
0.407569
0.39066
0.390853
0.386316
0.404152
0.351024
0.330632
0.292115
0.345222
0.322056
0.288215
0.264236
0.269454
0.282305
0.31458
0.282411
0.322061
0.36035
0.308622
0.358222
0.385235
0.360332
0.359192
0.377856
0.327019
0.342543
0.384389
0.336688
0.356258
0.36076
0.340757
0.383333
0.359003
0.350907
0.373035
0.411022
0.377691
0.369174
0.435601
0.384049
0.362784
0.385464
0.373763
0.378473
0.332421
0.294312
0.330394
0.333262
0.312237
0.298163
0.250701
0.289223
0.290007
0.308607
0.28771
0.316731
0.33006
0.366558
0.346949
0.345208
0.403304
0.404516
0.376307
0.369479
0.387381
0.377868
0.381321
0.394848
0.423026
0.434252
0.437247
0.407179
0.422022
0.421082
0.431486
0.430442
0.422337
0.393292
0.426838
0.403516
0.388461
0.357835
0.30945
0.309352
0.251574
0.289684
0.306872
0.291096
0.305121
0.294506
0.401846
0.342785
0.41383
0.436537
0.3636
0.360075
0.342135
0.329969
0.399523
0.382065
0.380652
0.381365
0.346551
0.393004
0.38885
0.384353
0.409582
0.367616
0.350143
0.410889
0.427669
0.403609
0.411033
0.409465
0.410243
0.440691
0.407225
0.35756
0.360801
0.422408
0.428055
0.459768
0.334872
0.311372
0.291418
0.21989
0.295532
0.406621
0.470094
0.29883
0.321065
0.317314
0.39005
0.383232
0.370368
0.439876
0.376665
0.444081
0.45042
0.451364
0.410197
0.41081
0.437831
0.439975
0.33828
0.39042
0.362239
0.31237
0.402243
0.422752
0.406584
0.438416
0.390964
0.455634
0.392935
0.287793
0.330783
0
0.274274
0.181094
0.190473
0.27125
0.309364
0.261425
0.204776
0.262763
0.25033
0.254928
0.274236
0.280079
0.286785
0.348812
0.33624
0.356769
0.404539
0.410208
0.418418
0.492752
0.488748
0.349702
0.324541
0.385208
0.367594
0.411059
0.406769
0.378173
0.39066
0.457489
0.486342
0.449475
0.460974
0.430934
0.42049
0.39983
0.322273
0.272396
0.283361
0.318828
0.313054
0.322449
0.280998
0.29431
0.311529
0.301522
0.387933
0.369535
0.444318
0.491687
0.475381
0.520631
0.512878
0.441597
0.49328
0.398507
0.426307
0.347898
0
0.359498
0.531717
0.427255
0.380927
0.36346
0.5537
0.477858
0.550995
0.777219
0.737407
0.53263
0.789908
0.906771
0.888156
0.802139
0.908696
0.683179
0.86085
0.753244
0.619935
0.62046
0.728935
0.661061
0.61784
0.507379
0.518343
0.529671
0.691513
0.589221
0.413075
0.448415
0.508938
0.452451
0.456423
0.515556
0.474117
0.428107
0.512697
0.418587
0.474471
0.57767
0.501934
0.423732
0.402821
0.40501
0.584076
0.461768
0.726937
0.644386
0.576627
0.522909
0.386959
0.333318
0.249983
0.153195
0
0.268163
0.306645
0.369182
0.416442
0.391954
0.410205
0.418267
0.437997
0.481904
0.453832
0.498972
0.49596
0.466282
0.490204
0.588335
0.658853
0.614381
0.591249
0.622387
0.698808
0.592194
0.56766
0.786751
0.624871
0.598171
0.782225
0.808334
0.510584
0.562334
0.743994
0.459996
0.467667
0.628845
0.70643
0.536676
0.535522
0.724148
0.682163
0.57945
0.559247
0.580149
0.615717
0.605605
0.545952
0.548235
0.578369
0.455131
0.474116
0.471465
0.565462
0.43412
0.389324
0.541262
0.576065
0.600951
0.586078
0.547801
0.516236
0.504292
0.508391
0.427366
0.353211
0.350709
0.410237
0.382934
0.411839
0.384348
0.365052
0.348885
0.207818
0.290951
0.406134
0.532441
0.464892
0.436699
0.430306
0.553713
0.515428
0.435552
0.483344
0.526574
0.519132
0.497902
0.56243
0.553057
0.529725
0.483131
0.508316
0.522597
0.475416
0.474766
0.462355
0.402496
0.327981
0.403643
0.341522
0.373125
0.313723
0.344033
0.441482
0.408342
0.358268
0.401615
0.461097
0.400689
0.391894
0.440477
0.420852
0.382684
0.406196
0.501157
0.447969
0.48664
0.427495
0.484576
0.440157
0.472813
0.489587
0.501656
0.538299
0.56973
0.58211
0.526972
0.505699
0.556845
0.550396
0.585215
0.554393
0.602798
0.577775
0.513523
0.476967
0.45684
0.449903
0.391285
0.444708
0.471899
0.474169
0.445067
0.461252
0.439116
0.479408
0.402344
0.397928
0.486376
0.46956
0.348214
0.363873
0.528316
0.446245
0.423672
0.403796
0.470323
0.546823
0.551477
0.60744
0.588872
0.577976
0.50992
0.606175
0.567926
0.548899
0.480288
0.407563
0.439852
0.444669
0.398868
0.428947
0.496596
0.446245
0.411854
0.4491
0.451929
0.508146
0.445997
0.460745
0.500565
0.578166
0.725869
0.778319
0.546871
0.428632
0.35995
