0.757001
0.826234
0.71157
0.694555
0.717408
0.672137
0.644245
0.793129
0.643295
0.706411
0.639545
0.552329
0.430269
0.429442
0.452731
0.510601
0.564491
0.602836
0.617188
0.626665
0.750294
0.752913
0.688729
0.725414
0.793269
0.715778
0.777237
0.700611
0.703358
0.747976
0.756979
0.804414
0.888336
0.772072
0.799412
0.695893
0.608596
0.492827
0.427193
0.565696
0.569388
0.542102
0.571681
0.634959
0.572381
0.564456
0.566132
0.57367
0.522434
0.472344
0.596561
0.506765
0.454784
0.4666
0.582138
0.466063
0.485425
0.53288
0.543462
0.567642
0.703767
0.682042
0.746419
0.64581
0.70036
0.683616
0.739796
0.619193
0.656308
0.582718
0.742169
0.714536
0.642228
0.564881
0.65067
0.527244
0.518167
0.571225
0.508974
0.483961
0.470751
0.376222
0.356179
0.333884
0.28387
0.282362
0.229258
0.241923
0.22423
0.211285
0.236593
0.250333
0.31445
0.271537
0.3471
0.379697
0.339658
0.342857
0.398055
0.436171
0.439989
0.421365
0.433414
0.410873
0.461586
0.553912
0.515265
0.511873
0.619462
0.681068
0.622408
0.640895
0.725445
0.663145
0.657145
0.523654
0.581945
0.584888
0.579693
0.463369
0.395566
0.369154
0.357539
0.283285
0.327125
0.263256
0.291404
0.406925
0.47384
0.42759
0.471626
0.51372
0.511001
0.52185
0.489794
0.547918
0.568303
0.511628
0.559087
0.491624
0.466029
0.45199
0.427206
0.455577
0.480162
0.473192
0.3074
0.280938
0.293472
0.376106
0.36892
0.285092
0.386311
0.43897
0.343507
0.469437
0.482079
0.431873
0.417828
0.555569
0.554485
0.423649
0.49924
0.572512
0.523872
0.568619
0.583404
0.545037
0.516052
0.522196
0.523382
0.433769
0.473453
0.463291
0.407577
0.415982
0.33382
0.207627
0
0.168836
0.162415
0.244957
0.242519
0.361248
0.405062
0.389094
0.498276
0.434014
0.469554
0.49976
0.55067
0.606405
0.46869
0.489073
0.548027
0.525408
0.63265
0.532853
0.476171
0.607143
0.595472
0.454338
0.411309
0.531173
0.47487
0.476528
0.496363
0.556115
0.508181
0.444765
0.475766
0.526523
0.398796
0.40202
0.45392
0.401926
0.397238
0.400562
0.443648
0.303427
0.361059
0.348761
0.316507
0.244356
0.336454
0.540159
0.382629
0.361321
0.604483
0.634707
0.436414
0.489643
0.426891
0.584478
0.555248
0.463411
0.522037
0.625731
0.637176
0.534213
0.537528
0.627301
0.604185
0.521565
0.647406
0.648727
0.605466
0.551561
0.564628
0.76269
0.702963
0.671678
0.645261
0.580941
0.460022
0.430416
0.360428
0.402467
0.381839
0.376751
0.505933
0.486831
0.410527
0.398832
0.442571
0.485408
0.396811
0.377961
0.391718
0.468091
0.438239
0.522944
0.46991
0.394845
0.437201
0.458816
0.491707
0.529703
0.569419
0.644331
0.689654
0.523358
0.510104
0.445562
0.485182
0.455767
0.44053
0.425641
0.433007
0.512135
0.452186
0.446834
0.380625
0.342015
0.341872
0.379204
0.349753
0.283057
0.339395
0.402216
0.317222
0.276123
0.283585
0.322512
0.338819
0.29206
0.310316
0.293557
0.343927
0.369732
0.398168
0.361868
0.342359
0.399321
0.447221
0.330833
0.744532
0.859642
0.682012
0.653706
0.701088
0.677512
0.579792
0.815241
0.73262
0.74097
0.645053
0.590866
0.524087
0.526491
0.492836
0.464804
0.495825
0.557998
0.569097
0.610462
0.763117
0.709914
0.758178
0.76209
0.844626
0.692821
0.760906
0.732771
0.705206
0.749813
0.729252
0.830657
0.891369
0.810876
0.801828
0.683741
0.613774
0.542776
0.448585
0.503661
0.527832
0.473043
0.525343
0.576782
0.525636
0.525049
0.517874
0.556593
0.506276
0.459662
0.558855
0.504621
0.487501
0.466588
0.581977
0.485299
0.567205
0.598917
0.574381
0.809464
0.777636
0.756876
0.779112
0.687479
0.773751
0.663283
0.778661
0.610254
0.661722
0.636917
0.803761
0.738015
0.664283
0.585663
0.741749
0.676047
0.689925
0.612392
0.655543
0.485444
0.423588
0.437548
0.353063
0.338353
0.288847
0.247967
0.22425
0.233297
0.202405
0.200207
0.194805
0.234851
0.257315
0.262923
0.330232
0.393028
0.315102
0.351617
0.43063
0.49466
0.436811
0.394131
0.44395
0.485984
0.495334
0.589801
0.536908
0.472922
0.537075
0.613576
0.586908
0.532866
0.654175
0.647239
0.648636
0.498445
0.557903
0.581316
0.594978
0.507196
0.472393
0.327871
0.3203
0.295988
0.374763
0.256635
0.310415
0.423005
0.486189
0.38628
0.453872
0.501192
0.534196
0.536698
0.451869
0.579384
0.557912
0.483807
0.519713
0.430985
0.436582
0.409742
0.47092
0.462407
0.475964
0.480848
0.360102
0.302126
0.391384
0.485498
0.437329
0.294977
0.397238
0.468456
0.4592
0.508604
0.449651
0.594852
0.496828
0.563209
0.539814
0.500711
0.496062
0.538444
0.473751
0.544867
0.514012
0.500788
0.417312
0.464262
0.496743
0.481236
0.500913
0.521464
0.463442
0.420291
0.328993
0.239198
0
0.195199
0.173154
0.249794
0.246036
0.353658
0.40926
0.413729
0.506322
0.436563
0.535432
0.534064
0.634209
0.574384
0.449449
0.474016
0.550505
0.504569
0.592072
0.513351
0.525167
0.514953
0.567283
0.481065
0.462345
0.50578
0.425411
0.453837
0.4895
0.550996
0.501569
0.408792
0.489239
0.513919
0.384359
0.393471
0.482717
0.418932
0.405217
0.382578
0.435977
0.338237
0.330115
0.326232
0.231848
0.237669
0.321954
0.468674
0.33815
0.33518
0.615181
0.628575
0.423598
0.479765
0.3818
0.568568
0.532428
0.464855
0.513873
0.615283
0.647641
0.559521
0.552998
0.63915
0.732951
0.653349
0.74557
0.770407
0.729731
0.57017
0.590731
0.754281
0.731553
0.769003
0.641429
0.697615
0.619279
0.49204
0.452128
0.392508
0.402346
0.395184
0.465554
0.44637
0.399152
0.378037
0.491136
0.532221
0.37631
0.334966
0.361285
0.409176
0.383526
0.47604
0.421942
0.480988
0.51438
0.576679
0.590329
0.610214
0.55115
0.614173
0.693191
0.55153
0.530412
0.435724
0.545424
0.52752
0.513635
0.57752
0.456852
0.539564
0.472714
0.445335
0.389195
0.348979
0.362517
0.390712
0.398878
0.342942
0.343271
0.395132
0.353141
0.298506
0.291974
0.336666
0.34483
0.316479
0.322615
0.324425
0.370752
0.402956
0.42758
0.350592
0.38246
0.483825
0.493825
0.503675
0.766621
0.898562
0.695302
0.673063
0.743581
0.739142
0.636247
0.896162
0.711308
0.738172
0.627464
0.524139
0.438878
0.494055
0.512504
0.429055
0.485888
0.537542
0.564117
0.639655
0.716028
0.716138
0.690842
0.757164
0.765286
0.793091
0.743643
0.693013
0.703629
0.736851
0.625574
0.851079
0.879777
0.697397
0.807223
0.726907
0.568442
0.507626
0.410642
0.542003
0.533972
0.579488
0.653226
0.662574
0.658416
0.64439
0.642571
0.695267
0.566442
0.566345
0.651238
0.629585
0.534422
0.606895
0.660487
0.480999
0.552278
0.630156
0.503857
0.651133
0.7446
0.815213
0.846314
0.699043
0.734519
0.66058
0.691177
0.59358
0.609325
0.587868
0.753093
0.750107
0.622305
0.610192
0.780344
0.684346
0.623759
0.545297
0.508516
0.460524
0.439849
0.357872
0.32487
0.342904
0.305566
0.301894
0.245961
0.223881
0.211716
0.258958
0.226144
0.257668
0.309288
0.300819
0.326779
0.407597
0.331706
0.34695
0.377494
0.551511
0.462687
0.434561
0.432759
0.4136
0.465629
0.555295
0.468655
0.449508
0.535848
0.614734
0.528747
0.511526
0.647492
0.60535
0.630323
0.490028
0.541413
0.531594
0.541205
0.471364
0.43737
0.302408
0.32111
0.308481
0.390772
0.215669
0.305634
0.444678
0.500124
0.45471
0.54673
0.580181
0.565029
0.632623
0.517241
0.561458
0.589353
0.535559
0.553278
0.516934
0.483412
0.454011
0.536674
0.556979
0.478905
0.462033
0.326895
0.283467
0.33957
0.479652
0.334879
0.261543
0.372229
0.426549
0.419367
0.491567
0.434713
0.457523
0.461591
0.584034
0.53256
0.443393
0.527538
0.58019
0.510917
0.549578
0.525294
0.51629
0.458637
0.500775
0.493783
0.504922
0.522578
0.468868
0.385501
0.35321
0.29015
0.204103
0
0.181675
0.160503
0.23127
0.291826
0.361646
0.385984
0.390774
0.503974
0.42692
0.489567
0.496138
0.578014
0.512556
0.522216
0.497951
0.532186
0.476459
0.53965
0.44362
0.490446
0.485
0.50628
0.45107
0.474006
0.517648
0.432621
0.370013
0.511723
0.543433
0.490523
0.475856
0.47061
0.461783
0.412079
0.43315
0.456508
0.405745
0.387951
0.433734
0.425999
0.363975
0.368768
0.380821
0.274847
0.239258
0.299124
0.452649
0.352696
0.278762
0.431127
0.508732
0.399284
0.410096
0.34181
0.506012
0.439869
0.411935
0.509793
0.600127
0.56607
0.538309
0.528721
0.6096
0.68862
0.594672
0.703316
0.807852
0.699867
0.558522
0.572598
0.848861
0.769015
0.792555
0.659889
0.621444
0.51047
0.49111
0.423381
0.400606
0.377939
0.384314
0.468259
0.400512
0.347991
0.372337
0.437146
0.507024
0.371817
0.32333
0.357353
0.46978
0.446499
0.459672
0.387324
0.38907
0.466389
0.49325
0.487764
0.541735
0.503388
0.594859
0.726901
0.506446
0.496501
0.43383
0.472022
0.437248
0.471112
0.480834
0.451353
0.546546
0.441181
0.393931
0.399867
0.333059
0.327865
0.452612
0.365633
0.318541
0.31537
0.384341
0.345892
0.258366
0.2649
0.32728
0.320021
0.311922
0.310925
0.341245
0.388654
0.438273
0.440449
0.380457
0.441301
0.426736
0.48814
0.46257
0.822094
0.997792
0.752085
0.724983
0.76485
0.781795
0.698516
0.884713
0.718702
0.7893
0.649219
0.635326
0.499799
0.509628
0.481809
0.449945
0.471721
0.550669
0.58822
0.542596
0.676848
0.69214
0.709306
0.721322
0.762813
0.719213
0.734979
0.684157
0.665303
0.734122
0.77115
0.93209
1
0.807711
0.832515
0.730557
0.65068
0.50774
0.433183
0.590226
0.622355
0.621122
0.620965
0.673252
0.658956
0.642153
0.627874
0.627951
0.546712
0.58615
0.725934
0.512581
0.409683
0.516863
0.599735
0.474581
0.564839
0.603716
0.53072
0.743582
0.82278
0.773351
0.930907
0.649866
0.719153
0.754239
0.75146
0.636599
0.716823
0.607476
0.832947
0.771911
0.626343
0.626685
0.800457
0.586855
0.603574
0.608682
0.529987
0.521097
0.521331
0.424348
0.380734
0.309198
0.264939
0.256396
0.239517
0.253221
0.21049
0.243243
0.225626
0.244667
0.302806
0.292848
0.352964
0.423906
0.325594
0.365255
0.433313
0.513939
0.457107
0.463496
0.539869
0.482881
0.509283
0.601174
0.572389
0.511182
0.629372
0.681607
0.57894
0.581215
0.675021
0.601187
0.580006
0.499201
0.529791
0.478575
0.549281
0.50079
0.451836
0.41225
0.344372
0.306847
0.393039
0.266322
0.287222
0.439632
0.494912
0.400364
0.50019
0.542946
0.557468
0.550227
0.52282
0.568433
0.580002
0.508295
0.487546
0.459405
0.501143
0.445113
0.451904
0.43931
0.365379
0.359385
0.358813
0.334579
0.26212
0.394738
0.32576
0.222092
0.355142
0.398183
0.383432
0.530745
0.462644
0.497015
0.452566
0.520945
0.524064
0.447318
0.494219
0.500309
0.538558
0.579665
0.552996
0.516914
0.473209
0.510879
0.494931
0.461088
0.471004
0.463478
0.480508
0.434851
0.340791
0.227236
0
0.185128
0.174908
0.28538
0.301531
0.418381
0.459798
0.437403
0.543596
0.500952
0.518204
0.478316
0.550657
0.513509
0.489578
0.528815
0.569856
0.513781
0.567339
0.478405
0.456714
0.506525
0.525198
0.452431
0.479625
0.488639
0.419191
0.452187
0.480861
0.525262
0.473345
0.417846
0.471934
0.482888
0.377464
0.416546
0.439004
0.384232
0.372688
0.423676
0.431325
0.347266
0.384496
0.374616
0.271749
0.304903
0.411362
0.475514
0.335871
0.330379
0.471626
0.540532
0.382415
0.465163
0.441897
0.50495
0.42568
0.366891
0.433575
0.498345
0.57705
0.493059
0.507228
0.57474
0.597637
0.525096
0.636498
0.709376
0.636527
0.528386
0.561736
0.742142
0.724865
0.722724
0.602328
0.618467
0.489461
0.489248
0.329422
0.442413
0.42148
0.40997
0.529069
0.514846
0.450787
0.406749
0.491258
0.55003
0.387308
0.342278
0.394653
0.474511
0.431316
0.54258
0.467267
0.402755
0.464536
0.482341
0.546886
0.591956
0.578569
0.552555
0.597634
0.439265
0.411949
0.414817
0.474746
0.454495
0.499858
0.504506
0.474212
0.571587
0.494756
0.430503
0.446621
0.393954
0.381735
0.452923
0.461486
0.386288
0.365566
0.439968
0.401763
0.322253
0.30878
0.369353
0.357172
0.308761
0.277297
0.317519
0.353651
0.397338
0.429557
0.378965
0.384596
0.420965
0.459684
0.50703
