0.375803
0.459763
0.409169
0.392285
0.491699
0.469889
0.546575
0.481609
0.610131
0.539522
0.468738
0.55078
0.595059
0.57985
0.597039
0.616083
0.667734
0.631987
0.696455
0.649781
0.645537
0.580337
0.66765
0.650096
0.605714
0.567888
0.593571
0.643455
0.588389
0.568156
0.471174
0.530743
0.37006
0.403511
0.335129
0.335129
0.454432
0.431147
0.472865
0.473271
0.526687
0.569204
0.510454
0.479943
0.56909
0.542131
0.523856
0.544963
0.551717
0.531154
0.541254
0.548154
0.486576
0.498515
0.582869
0.583113
0.650706
0.587847
0.585284
0.591061
0.670667
0.569578
0.541539
0.519598
0.625535
0.527008
0.564293
0.560684
0.530528
0.539111
0.490156
0.551571
0.5452
0.497162
0.511863
0.4176
0.46265
0.60846
0.630897
0.664571
0.561893
0.680884
0.54347
0.561285
0.627267
0.552508
0.575397
0.568361
0.662481
0.947728
0.669651
0.416634
0.492378
0.698399
0.616677
0.507078
0.425168
0.350758
0.486422
0.526774
0.644632
0.606536
0.608491
0.600052
0.697064
0.587762
0.40404
0.583744
0.615633
0.529366
0.808168
0.715857
0.71352
0.835635
0.729208
0.707444
0.864692
0.839127
0.694399
0.710119
0.579728
0.729964
0.625945
0.681653
0.557925
0
0.413084
0.428373
0.392773
0.380046
0.464728
0.457688
0.491787
0.389187
0.467281
0.495716
0.508849
0.502043
0.537517
0.592989
0.643431
0.670064
0.579018
0.635899
0.709141
0.796755
0.546289
0.470781
0.651933
0.676824
0.541182
0.523904
0.541434
0.633928
0.773234
0.591906
0.610966
0.918227
0.749783
0.860566
0.605019
0.51135
0.64019
0.868973
0.823204
0.710484
0.650033
0.516382
0.544172
0.514742
0.589476
0.601091
0.64797
0.617743
0.726844
0.893485
0.763342
0.675852
0.678819
0.714629
0.710111
0.771368
0.867907
0.74871
0.704204
0.704929
0.552228
0.695846
0.510607
0.49313
0.60949
0.735276
0.801062
0.913779
0.764499
0.774745
0.962952
0.930596
0.945798
0.772754
1
0.899603
0.849725
0.741765
0.993693
0.88658
0.93709
0.826548
0.739088
0.67324
0.793765
0.590342
0.690383
0.82582
0.738038
0.714777
0.900111
0.84378
0.758698
0.759273
0.834426
0.773363
0.803286
0.783884
0.853715
0.870439
0.746504
0.644773
0.636176
0.517692
0.512423
0.654641
0.711707
0.608056
0.584639
0.664495
0.60756
0.651105
0.604261
0.608387
0.651664
0.730555
0.606902
0.589594
0.758156
0.704813
0.674163
0.624368
0.582984
0.573187
0.553111
0.573498
0.50505
0.535909
0.617383
0.566182
0.555952
0.732012
0.733394
0.679107
0.677467
0.717289
0.684248
0.608485
0.613909
0.623032
0.606759
0.677935
0.68244
0.656971
0.666256
0.639332
0.588415
0.545301
0.491938
0.443464
0.494905
0.499357
0.536403
0.601406
0.623747
0.577856
0.546936
0.527252
0.578214
0.638949
0.629262
0.638588
0.540845
0.565536
0.633751
0.518741
0.495703
0.52961
0.533542
0.42684
0.416831
0.44412
0.458382
0.510788
0.591193
0.5193
0.483184
0.576778
0.496184
0.506257
0.578573
0.441069
0.45355
0.56483
0.459816
0.465886
0.494854
0.58986
0.609564
0.542227
0.606928
0.58555
0.673281
0.693228
0.691237
0.584234
0.615838
0.597149
0.539412
0.505199
0.493129
0.593096
0.578253
0.566445
0.674823
0.633094
0.524922
0.522288
0.619318
0.65185
0.623535
0.563951
0.679846
0.587629
0.561555
0.577355
0.665211
0.679207
0.74367
0.708938
0.578212
0.482392
0.439653
0.522877
0.624468
0.598762
0.649148
0.546994
0.537175
0.653532
0.594866
0.54624
0.640477
0.676451
0.588046
0.566741
0.68303
0.605259
0.667391
0.741037
0.63848
0.730033
0.689761
0.64703
0.791357
0.903341
0.735817
0.674118
0.851148
0.847069
0.85972
0.812577
0.810208
0.818788
0.872318
0.835404
0.914243
0.887614
0.902534
0.841069
0.771394
0.847637
0.846111
0.761295
0.673285
0.645252
0.508031
0.668945
0.605115
0.677157
0.69301
0.657599
0.743656
0.753361
0.778931
0.720172
0.732429
0.696812
0.700227
0.645482
0.625774
0.56517
0.570275
0.540079
0.518898
0.540079
0.50418
0.483626
0.465946
0.46827
0.447135
0.423003
0.334149
0.346287
0.319396
0.290304
0.224798
0.253783
0.270472
0.285413
0.372005
0.412807
0.398976
0.505428
0.479185
0.547314
0.552956
0.471951
0.521301
0.619001
0.574979
0.520902
0.732116
0.703406
0.73028
0.719513
0.730335
0.694509
0.737112
0.72022
0.782089
0.722534
0.732821
0.78376
0.761777
0.762044
0.82469
0.758493
0.749075
0.815987
0.868598
0.805612
0.742852
0.87848
0.844179
0.653807
0.609868
0.830519
0.735277
0.621217
0.733701
0.738626
0.587675
0.504861
0.615225
0.622269
0.724647
0.60604
0.709159
0.74856
0.759881
0.785564
0.790646
0.804433
0.798943
0.676467
0.68591
0.624327
0.680737
0.654813
0.589856
0.500199
0.582561
0.578436
0.706158
0.661125
0.627211
0.633743
0.762307
0.826826
0.653
0.57974
0.460396
0.628635
0.600492
0.312773
0.385017
0.374367
0.396524
0.516819
0.461306
0.532
0.456771
0.563164
0.531658
0.48849
0.543612
0.606671
0.586489
0.594488
0.667019
0.69341
0.625969
0.685284
0.705509
0.672947
0.621288
0.713067
0.674927
0.624419
0.575141
0.615214
0.666982
0.615711
0.556467
0.514005
0.585965
0.4174
0.441406
0.348922
0.368287
0.465011
0.436421
0.483626
0.500834
0.571499
0.586996
0.525205
0.500314
0.620846
0.525918
0.543582
0.570074
0.585996
0.498304
0.569388
0.569623
0.485461
0.502979
0.556252
0.570111
0.681577
0.556016
0.583743
0.559547
0.618278
0.555146
0.525837
0.524634
0.513753
0.515128
0.513607
0.51823
0.476397
0.453796
0.437485
0.504913
0.483301
0.444319
0.45797
0.394851
0.43876
0.549968
0.564662
0.641842
0.572706
0.697677
0.536155
0.552163
0.582628
0.488596
0.596011
0.600096
0.627347
0.908754
0.633908
0.388483
0.477202
0.632385
0.626269
0.474541
0.378368
0.330212
0.449525
0.485069
0.609466
0.613432
0.556256
0.633045
0.716264
0.56776
0.408007
0.563817
0.633158
0.520846
0.775084
0.726095
0.729567
0.829774
0.710256
0.682499
0.868862
0.892573
0.69063
0.697123
0.540166
0.708465
0.627487
0.688925
0.547248
0
0.397046
0.412893
0.389975
0.350357
0.456528
0.436866
0.490125
0.385448
0.446474
0.489869
0.504932
0.522454
0.541297
0.570269
0.631334
0.618831
0.48486
0.584846
0.701608
0.727919
0.499533
0.423949
0.586124
0.685946
0.520664
0.467339
0.505219
0.655529
0.737149
0.617426
0.611958
0.796441
0.705662
0.856184
0.614156
0.50074
0.591221
0.867219
0.742464
0.659374
0.633995
0.476916
0.430068
0.497353
0.561117
0.569312
0.597299
0.617672
0.706973
0.807219
0.752201
0.627583
0.635833
0.661501
0.649046
0.73718
0.878052
0.759265
0.733668
0.700504
0.544836
0.698865
0.522781
0.532964
0.653426
0.717224
0.846145
0.900756
0.738882
0.840082
0.868304
0.813646
0.913726
0.744117
0.872052
0.797065
0.741058
0.780254
0.916557
0.793842
0.833822
0.815423
0.69561
0.601892
0.743257
0.568426
0.675704
0.745763
0.674681
0.636837
0.849513
0.80769
0.728822
0.74241
0.814807
0.745388
0.815361
0.789053
0.832913
0.838344
0.773121
0.656139
0.622664
0.526858
0.516885
0.631533
0.760125
0.630821
0.60131
0.686957
0.646896
0.731488
0.616619
0.629056
0.680954
0.746332
0.613036
0.607368
0.806035
0.725123
0.699989
0.671952
0.619355
0.589214
0.541641
0.585838
0.509621
0.537578
0.597597
0.557148
0.609941
0.710741
0.707901
0.70658
0.713965
0.727434
0.685857
0.605342
0.586312
0.610443
0.594239
0.691996
0.668128
0.655757
0.662606
0.665745
0.634522
0.588606
0.519096
0.462284
0.494478
0.504785
0.567558
0.607441
0.604606
0.591355
0.557057
0.585703
0.61696
0.679418
0.643372
0.672024
0.531957
0.576059
0.65529
0.55561
0.510014
0.533514
0.524152
0.435899
0.409883
0.443107
0.446134
0.497458
0.607638
0.530394
0.47423
0.589241
0.510788
0.488007
0.574979
0.446134
0.439014
0.56407
0.454037
0.475124
0.517823
0.616174
0.643744
0.546858
0.63674
0.592522
0.663702
0.754538
0.724542
0.627077
0.615068
0.583881
0.510356
0.462196
0.448385
0.563007
0.524104
0.576337
0.659061
0.63674
0.608452
0.618394
0.647303
0.637967
0.602811
0.56793
0.682331
0.574104
0.589441
0.744037
0.720374
0.720285
0.753964
0.689534
0.559048
0.467252
0.450846
0.518887
0.603649
0.561366
0.645565
0.589567
0.639826
0.611737
0.603404
0.509712
0.625602
0.66952
0.557092
0.554397
0.654564
0.594631
0.684036
0.717943
0.596499
0.72654
0.700891
0.650802
0.79208
0.896348
0.700442
0.66412
0.83495
0.83843
0.8174
0.770669
0.869385
0.812605
0.858872
0.80982
0.903464
0.860223
0.857034
0.815614
0.730147
0.832093
0.75285
0.707008
0.699278
0.666281
0.535723
0.672534
0.588306
0.636337
0.659673
0.635612
0.746276
0.760188
0.815841
0.774725
0.762689
0.733508
0.725197
0.657005
0.632162
0.572812
0.588182
0.540462
0.523294
0.546557
0.505843
0.474684
0.480969
0.474684
0.462189
0.427383
0.397724
0.357331
0.321636
0.280177
0.266152
0.247966
0.283709
0.278343
0.334149
0.403292
0.366773
0.477842
0.447634
0.522498
0.527252
0.433271
0.495758
0.593814
0.575339
0.525673
0.725423
0.72678
0.772205
0.786544
0.771239
0.685615
0.688644
0.681659
0.750664
0.696008
0.701754
0.711627
0.776636
0.767058
0.82763
0.790382
0.775125
0.831047
0.878576
0.79823
0.693871
0.872472
0.835564
0.626647
0.706033
0.837205
0.739376
0.629324
0.775855
0.741234
0.624767
0.589909
0.637709
0.610248
0.734719
0.612834
0.708715
0.70342
0.767015
0.772696
0.814849
0.815736
0.82472
0.703986
0.715053
0.698681
0.709941
0.714204
0.662416
0.587478
0.596496
0.636613
0.570346
0.603654
0.702546
0.717707
0.762413
0.871699
0.634635
0.580718
0.473965
0.535489
0.548213
0.406546
0.474692
0.422823
0.413685
0.533972
0.4805
0.491678
0.460857
0.557379
0.509034
0.465532
0.528215
0.565026
0.559727
0.577279
0.603837
0.642236
0.608461
0.732323
0.71466
0.651508
0.604384
0.691345
0.657626
0.621302
0.592357
0.61543
0.627911
0.586814
0.541993
0.469652
0.523123
0.402669
0.425893
0.390677
0.450829
0.405112
0.395194
0.463133
0.457423
0.501358
0.557293
0.498912
0.477359
0.560856
0.542391
0.510749
0.542704
0.54377
0.472619
0.524731
0.530334
0.480836
0.479297
0.533687
0.577465
0.591748
0.519792
0.540689
0.523892
0.602674
0.502919
0.507058
0.498813
0.521901
0.501308
0.522857
0.545972
0.487648
0.480954
0.461971
0.508128
0.511577
0.433453
0.470432
0.392647
0.43165
0.583545
0.555443
0.603962
0.538425
0.631327
0.512985
0.526031
0.567288
0.506249
0.566795
0.569313
0.650684
0.932537
0.663758
0.389907
0.438534
0.600074
0.5795
0.472534
0.41694
0.33809
0.443072
0.45486
0.584577
0.603936
0.550415
0.57018
0.636371
0.549222
0.381918
0.530291
0.559525
0.499161
0.687987
0.642962
0.672344
0.758366
0.70285
0.695644
0.838108
0.845437
0.701526
0.700861
0.566946
0.684968
0.582228
0.592972
0.52176
0
0.382978
0.400172
0.391382
0.365935
0.47094
0.436152
0.479224
0.386961
0.446626
0.506809
0.523506
0.53986
0.585581
0.592233
0.642232
0.667108
0.561768
0.604315
0.674329
0.811517
0.52015
0.443788
0.602994
0.703872
0.56368
0.51203
0.544901
0.673193
0.644887
0.536651
0.549869
0.809558
0.705369
0.832297
0.567167
0.493708
0.605368
0.883203
0.738511
0.628375
0.630805
0.542126
0.476652
0.495102
0.52813
0.55169
0.628853
0.612651
0.704923
0.849424
0.769741
0.680866
0.642031
0.67606
0.712838
0.756391
0.867814
0.766229
0.772148
0.717871
0.588769
0.74557
0.576821
0.554635
0.612988
0.677954
0.755482
0.887947
0.72414
0.802985
0.862603
0.830707
0.920963
0.758165
0.903675
0.890496
0.813709
0.776672
0.985796
0.832161
0.891858
0.857554
0.736468
0.655334
0.793342
0.620774
0.719735
0.806518
0.744976
0.707767
0.835303
0.805147
0.689306
0.707089
0.857122
0.766243
0.765305
0.758272
0.824392
0.799573
0.712878
0.586592
0.644157
0.522099
0.507911
0.668904
0.719367
0.624085
0.579289
0.65448
0.615868
0.680063
0.578214
0.581898
0.625583
0.726658
0.61256
0.609141
0.736717
0.66809
0.665618
0.602741
0.571674
0.55592
0.534593
0.553614
0.489271
0.487192
0.569503
0.538649
0.580414
0.725052
0.687919
0.669957
0.676728
0.721927
0.641904
0.587936
0.610403
0.6209
0.618112
0.652169
0.61301
0.631191
0.630024
0.594927
0.576113
0.544617
0.474804
0.419272
0.436626
0.436132
0.491824
0.563302
0.620699
0.610119
0.570639
0.566268
0.56517
0.63349
0.616399
0.635568
0.540462
0.570275
0.625001
0.519871
0.481591
0.516885
0.4855
0.430078
0.411642
0.439014
0.437461
0.491473
0.573885
0.514457
0.482742
0.591003
0.509968
0.528039
0.586058
0.49061
0.44209
0.517119
0.432528
0.439945
0.463947
0.520536
0.648924
0.557443
0.544556
0.514445
0.659603
0.662933
0.676462
0.585652
0.586635
0.563404
0.495508
0.451882
0.492528
0.567461
0.507079
0.555231
0.636332
0.642815
0.630748
0.596034
0.657937
0.674156
0.644441
0.542534
0.654342
0.579389
0.585584
0.628079
0.693414
0.666954
0.708582
0.638373
0.530749
0.431187
0.402823
0.469423
0.538698
0.54299
0.612011
0.535984
0.619551
0.620641
0.57114
0.550853
0.622987
0.62933
0.540039
0.465719
0.626086
0.557027
0.631547
0.682256
0.570927
0.69517
0.649079
0.578806
0.721749
0.832851
0.668682
0.613443
0.788469
0.809112
0.822854
0.778707
0.813962
0.845568
0.891123
0.801984
0.911349
0.883695
0.87007
0.811876
0.738411
0.803532
0.774371
0.691496
0.607415
0.627939
0.484042
0.689433
0.594122
0.682457
0.693082
0.668674
0.731345
0.751606
0.761024
0.682964
0.685528
0.67345
0.692906
0.619681
0.592059
0.576778
0.561496
0.528825
0.513644
0.54504
0.490177
0.462189
0.460768
0.471951
0.44412
0.421894
0.367532
0.353195
0.315937
0.276459
0.233867
0.233867
0.244799
0.276459
0.357331
0.409293
0.370529
0.476942
0.459816
0.515673
0.533514
0.447634
0.499571
0.602183
0.541611
0.505843
0.667771
0.671664
0.697996
0.67134
0.706539
0.743559
0.748091
0.702996
0.739398
0.719428
0.766265
0.725175
0.742393
0.760622
0.816489
0.734936
0.716341
0.753587
0.823629
0.742533
0.674695
0.814922
0.812405
0.725344
0.683322
0.780789
0.753879
0.608489
0.738498
0.741971
0.595077
0.619718
0.661761
0.617064
0.727711
0.605153
0.686858
0.745238
0.721945
0.758838
0.824497
0.79089
0.766267
0.680136
0.708092
0.620112
0.67534
0.657173
0.609328
0.639279
0.57486
0.587116
0.574149
0.625999
0.587337
0.644309
0.753192
0.762008
0.640017
0.597842
0.496625
0.57643
0.557413
0.306717
0.35876
0.33229
0.337644
0.431767
0.416961
0.49576
0.414163
0.533019
0.477943
0.463807
0.514754
0.574367
0.595381
0.582347
0.619368
0.667105
0.634556
0.762827
0.724992
0.670849
0.605735
0.6715
0.659977
0.633641
0.582412
0.600964
0.665579
0.653447
0.570275
0.522496
0.56736
0.407512
0.443818
0.334149
0.363696
0.508658
0.471951
0.508735
0.502174
0.565731
0.647994
0.559033
0.504318
0.620395
0.589776
0.570481
0.566615
0.566171
0.49123
0.563962
0.561047
0.509173
0.478149
0.495948
0.564112
0.656296
0.589723
0.577128
0.596437
0.615376
0.529643
0.500006
0.505587
0.495313
0.464018
0.495812
0.513474
0.496261
0.479734
0.461416
0.470352
0.439744
0.405924
0.456503
0.388984
0.427636
0.582163
0.586664
0.637456
0.575145
0.648989
0.534356
0.554143
0.575087
0.523829
0.583141
0.618018
0.673586
0.92977
0.651297
0.415851
0.474774
0.63996
0.599925
0.447614
0.386126
0.317373
0.429183
0.475899
0.600367
0.528833
0.523645
0.571404
0.668365
0.537848
0.399025
0.563227
0.591561
0.511751
0.727605
0.703514
0.718508
0.816921
0.669895
0.669476
0.87336
0.861614
0.693104
0.694362
0.587248
0.708007
0.625226
0.645794
0.554257
0
0.409125
0.403782
0.374767
0.35975
0.444197
0.428089
0.475487
0.400444
0.440998
0.465588
0.493009
0.515198
0.533747
0.535475
0.594501
0.601592
0.467692
0.575806
0.688469
0.746023
0.488984
0.4643
0.63192
0.663558
0.533069
0.49308
0.536864
0.684388
0.710777
0.663343
0.627684
0.876493
0.724178
0.855593
0.620441
0.524912
0.648317
0.872504
0.797281
0.652739
0.628849
0.498346
0.445315
0.484498
0.528539
0.537101
0.595146
0.592542
0.691864
0.762397
0.71271
0.613273
0.617459
0.650463
0.630948
0.735339
0.815484
0.724167
0.674289
0.656784
0.535406
0.65415
0.499766
0.444723
0.583888
0.693801
0.791733
0.832462
0.744873
0.848567
0.905283
0.902441
0.939604
0.757838
0.950133
0.858239
0.835506
0.69844
0.912655
0.851094
0.90773
0.865116
0.749505
0.621852
0.847248
0.604844
0.675428
0.778805
0.748351
0.721397
0.810244
0.791908
0.774921
0.817494
0.873063
0.7996
0.809241
0.786031
0.850003
0.838584
0.759271
0.653698
0.641587
0.560759
0.589594
0.674326
0.749013
0.633167
0.609432
0.710832
0.647135
0.724265
0.617981
0.631324
0.676846
0.757866
0.634862
0.627122
0.775425
0.720522
0.685488
0.649172
0.602448
0.558214
0.534729
0.576255
0.508725
0.517673
0.598516
0.565738
0.605811
0.701657
0.759538
0.707256
0.678155
0.695529
0.71198
0.642406
0.576641
0.669909
0.649775
0.694662
0.622448
0.643275
0.671188
0.656595
0.620165
0.564612
0.499581
0.44825
0.486261
0.495766
0.543245
0.605458
0.607712
0.582148
0.526858
0.560759
0.570275
0.645812
0.632621
0.670573
0.535454
0.563703
0.65145
0.546384
0.517489
0.526463
0.517482
0.449621
0.428465
0.436942
0.440044
0.487136
0.588757
0.496609
0.453062
0.569185
0.497458
0.484946
0.549955
0.44209
0.412807
0.555569
0.410471
0.482742
0.530543
0.582291
0.628391
0.569969
0.610457
0.567575
0.689817
0.718463
0.720225
0.624152
0.626682
0.592236
0.506579
0.447542
0.460948
0.560035
0.502935
0.527749
0.649923
0.609237
0.516393
0.535784
0.634631
0.655647
0.610002
0.617994
0.682038
0.598105
0.608198
0.701633
0.721008
0.693701
0.765745
0.672499
0.536693
0.459213
0.433907
0.512209
0.592567
0.580479
0.593978
0.535278
0.535631
0.63763
0.60522
0.523882
0.615431
0.666433
0.578987
0.516508
0.664452
0.611251
0.670801
0.71626
0.63357
0.723931
0.700184
0.582886
0.778339
0.912067
0.729912
0.64345
0.830684
0.85885
0.841151
0.78426
0.816114
0.880646
0.88342
0.865977
0.965415
0.884792
0.944187
0.86634
0.793518
0.85152
0.842154
0.727671
0.715862
0.635287
0.512925
0.66943
0.625236
0.628198
0.614172
0.645001
0.693888
0.656725
0.70179
0.678129
0.640507
0.642167
0.630149
0.581791
0.563336
0.563703
0.565536
0.528039
0.505843
0.550331
0.496609
0.467807
0.474684
0.479632
0.447634
0.408107
0.400219
0.352351
0.322738
0.299256
0.213148
0.233867
0.256476
0.274522
0.354032
0.407512
0.387376
0.475137
0.443107
0.516077
0.501673
0.44158
0.485824
0.574618
0.526463
0.516077
0.700545
0.642499
0.699218
0.670528
0.714058
0.65577
0.706842
0.708843
0.770952
0.721947
0.775638
0.763015
0.780071
0.807464
0.835392
0.788566
0.750072
0.824733
0.914078
0.839902
0.726273
0.909794
0.872253
0.678013
0.717737
0.863843
0.757357
0.657708
0.777942
0.753172
0.5988
0.579312
0.62331
0.586667
0.750723
0.619768
0.690683
0.723618
0.775921
0.761898
0.805496
0.843172
0.849844
0.680383
0.701922
0.679144
0.733149
0.698614
0.658938
0.617803
0.598778
0.608435
0.577777
0.598252
0.62629
0.644151
0.738957
0.803768
0.654236
0.625125
0.535283
0.559851
0.545805
0.376203
0.405477
0.372937
0.37696
0.459351
0.418973
0.476889
0.40762
0.546266
0.51392
0.500464
0.528177
0.613199
0.687919
0.646342
0.608742
0.728168
0.627493
0.725819
0.707154
0.646726
0.574286
0.668008
0.656433
0.580921
0.551842
0.566392
0.654648
0.606555
0.508972
0.518372
0.602243
0.44412
0.506094
0.352351
0.344499
0.465479
0.389364
0.501673
0.484066
0.572375
0.593295
0.529118
0.524633
0.647546
0.59299
0.596972
0.601654
0.618919
0.55425
0.612475
0.607187
0.687858
0.590994
0.570379
0.55431
0.665379
0.574555
0.584827
0.519155
0.646619
0.582535
0.500692
0.498878
0.519839
0.480671
0.516645
0.511415
0.494179
0.496853
0.457006
0.482602
0.484005
0.452812
0.480658
0.427552
0.46175
0.449278
0.574943
0.645056
0.611851
0.69371
0.515079
0.600955
0.666578
0.543502
0.55111
0.552587
0.656762
0.901086
0.645453
0.424845
0.487336
0.623494
0.608183
0.456229
0.38819
0.3259
0.405109
0.434281
0.575088
0.474492
0.517406
0.617544
0.653252
0.531742
0.396194
0.560685
0.6405
0.508605
0.79344
0.731313
0.784623
0.834212
0.726292
0.758785
0.887637
0.902857
0.713041
0.72627
0.576736
0.711234
0.641449
0.685013
0.580498
0
0.393736
0.399118
0.375083
0.356443
0.429632
0.433595
0.485484
0.395245
0.424252
0.458343
0.483601
0.517121
0.545809
0.558195
0.641516
0.621002
0.488613
0.562692
0.687099
0.725456
0.501541
0.433627
0.580413
0.690557
0.520376
0.477492
0.516902
0.623579
0.711105
0.657702
0.588224
0.840113
0.721188
0.824961
0.630354
0.530563
0.644705
0.850927
0.752936
0.624262
0.620398
0.473302
0.429351
0.475494
0.542167
0.547652
0.594979
0.616865
0.694068
0.819636
0.754544
0.634149
0.635696
0.688379
0.656144
0.724773
0.890533
0.778368
0.685723
0.669365
0.541975
0.705621
0.583097
0.506929
0.637267
0.767352
0.847715
0.900692
0.741041
0.818864
0.88489
0.845577
0.882865
0.735525
0.918959
0.839025
0.798378
0.785858
0.899066
0.81186
0.875724
0.826506
0.717167
0.622616
0.770553
0.588437
0.694456
0.782574
0.711123
0.670779
0.822112
0.795446
0.716879
0.741413
0.830109
0.746231
0.793956
0.804812
0.866085
0.831552
0.763855
0.643519
0.662064
0.547692
0.530785
0.675936
0.737498
0.613888
0.587908
0.634154
0.58898
0.652738
0.591355
0.604901
0.659861
0.744746
0.613131
0.568821
0.75313
0.662701
0.656777
0.605545
0.577285
0.577869
0.532652
0.560042
0.497395
0.485739
0.565733
0.540236
0.572459
0.706651
0.693558
0.679396
0.673246
0.712808
0.637823
0.588246
0.604051
0.616674
0.617416
0.652728
0.617387
0.629555
0.633867
0.606973
0.594711
0.554825
0.486835
0.444307
0.452592
0.45771
0.510089
0.556245
0.596614
0.568821
0.5193
0.538927
0.59241
0.667121
0.641134
0.643008
0.533514
0.558911
0.632432
0.531634
0.497945
0.517692
0.496205
0.446988
0.411642
0.416261
0.425204
0.451593
0.528675
0.497881
0.457903
0.570275
0.494478
0.480524
0.56002
0.535841
0.449621
0.534788
0.418129
0.447186
0.488788
0.545408
0.627939
0.5149
0.560501
0.530997
0.62098
0.671389
0.677875
0.588366
0.572916
0.551759
0.495972
0.438578
0.430865
0.573559
0.504858
0.560208
0.637625
0.595533
0.540117
0.557431
0.617813
0.631396
0.586303
0.542546
0.655715
0.546491
0.556889
0.606184
0.676754
0.674929
0.721304
0.667716
0.531157
0.454784
0.405376
0.498542
0.572423
0.561241
0.586931
0.505384
0.516846
0.602844
0.60662
0.524076
0.640179
0.685811
0.625553
0.519731
0.637886
0.592262
0.662762
0.661608
0.610129
0.690706
0.689595
0.603964
0.815245
0.905631
0.724474
0.648468
0.835211
0.851078
0.832409
0.784127
0.808356
0.787035
0.823262
0.839712
0.91142
0.8725
0.859601
0.839225
0.765522
0.862802
0.718833
0.714452
0.761134
0.704702
0.524039
0.686059
0.643415
0.619355
0.683126
0.671749
0.761501
0.695517
0.707178
0.70478
0.690656
0.699591
0.685849
0.626448
0.587121
0.557057
0.563703
0.534291
0.505012
0.533125
0.489311
0.469194
0.460768
0.476041
0.444625
0.4174
0.372005
0.361344
0.34084
0.297831
0.253783
0.259047
0.288708
0.285413
0.35895
0.415116
0.405715
0.47423
0.43953
0.512014
0.530785
0.442599
0.497458
0.588888
0.559651
0.522498
0.679655
0.691935
0.751179
0.725222
0.792685
0.715198
0.71916
0.72253
0.790438
0.708435
0.716991
0.728771
0.799415
0.763816
0.795402
0.788617
0.767021
0.82006
0.911603
0.903666
0.756375
0.877027
0.885549
0.74789
0.698749
0.851249
0.773329
0.612075
0.756416
0.763447
0.579064
0.574581
0.610311
0.586024
0.735069
0.627043
0.678591
0.739014
0.747418
0.73017
0.790885
0.83939
0.858425
0.660357
0.694111
0.695716
0.739435
0.718774
0.636382
0.711973
0.722242
0.679806
0.60167
0.692347
0.754647
0.764087
0.784575
0.880229
0.643799
0.572661
0.488966
0.562191
0.598924
0.402392
0.480465
0.426876
0.401446
0.494503
0.457262
0.508207
0.436681
0.566647
0.476898
0.459425
0.52768
0.571269
0.562257
0.569885
0.618582
0.625289
0.609036
0.732552
0.695558
0.647492
0.604688
0.685689
0.65786
0.603017
0.524166
0.534595
0.625763
0.58913
0.503914
0.494446
0.538855
0.433073
0.449188
0.339908
0.351503
0.413387
0.369785
0.404507
0.44883
0.521199
0.543318
0.491036
0.475549
0.572128
0.545034
0.534724
0.540488
0.575989
0.483844
0.553347
0.537211
0.4458
0.462376
0.469612
0.551437
0.66224
0.57592
0.550201
0.57999
0.58166
0.5085
0.475292
0.478576
0.484002
0.40594
0.515678
0.497025
0.475109
0.473465
0.456182
0.478214
0.470995
0.432855
0.454556
0.392286
0.426497
0.581925
0.529731
0.635243
0.522129
0.619692
0.5155
0.516887
0.588091
0.55742
0.593944
0.580022
0.605721
0.91728
0.607027
0.386662
0.443018
0.649624
0.590694
0.454784
0.388531
0.31473
0.434724
0.480686
0.598417
0.554629
0.55699
0.56545
0.631998
0.564226
0.428197
0.533302
0.580936
0.54589
0.62393
0.693114
0.698109
0.763379
0.623523
0.614949
0.858941
0.839095
0.647081
0.640346
0.581952
0.716007
0.606344
0.637898
0.503592
0
0.35644
0.381983
0.377555
0.34467
0.445203
0.440173
0.489255
0.377567
0.434643
0.479368
0.50273
0.507777
0.540862
0.556506
0.599069
0.598789
0.487957
0.577031
0.674271
0.780458
0.501991
0.44595
0.62722
0.671487
0.526621
0.496772
0.528971
0.622956
0.624599
0.585383
0.532194
0.788203
0.70296
0.833529
0.616872
0.50601
0.578984
0.801565
0.703416
0.604482
0.615449
0.496361
0.543512
0.513153
0.534068
0.536757
0.586582
0.6063
0.696077
0.790582
0.719998
0.613516
0.597553
0.632893
0.677651
0.765256
0.797485
0.78353
0.807631
0.744684
0.583248
0.720757
0.594439
0.474106
0.62744
0.731421
0.809039
0.865878
0.773606
0.822024
0.81198
0.794927
0.943264
0.781661
0.909626
0.835952
0.823045
0.775703
0.942219
0.829903
0.874477
0.873339
0.766273
0.640229
0.77458
0.601948
0.696417
0.77611
0.735388
0.697859
0.842435
0.811409
0.74553
0.789599
0.846287
0.783941
0.837282
0.810676
0.811528
0.808773
0.791666
0.681494
0.6557
0.532346
0.54428
0.677324
0.801757
0.619001
0.552582
0.709447
0.631972
0.675223
0.603915
0.65166
0.707186
0.782091
0.631712
0.603222
0.778192
0.721632
0.725185
0.674016
0.63815
0.59576
0.571481
0.591607
0.515975
0.51508
0.613241
0.582199
0.598552
0.719253
0.740512
0.695305
0.697825
0.738421
0.712364
0.62821
0.599223
0.648515
0.626606
0.720116
0.62821
0.673381
0.68969
0.668987
0.634103
0.573687
0.490064
0.44781
0.472865
0.480969
0.541534
0.597526
0.599403
0.563336
0.483626
0.516077
0.532346
0.639841
0.619341
0.665648
0.533125
0.562969
0.63887
0.557355
0.509319
0.515268
0.494299
0.407512
0.397095
0.415116
0.421337
0.450115
0.561737
0.486699
0.453062
0.565902
0.500414
0.475137
0.534679
0.401455
0.421337
0.54428
0.432742
0.488877
0.544323
0.617112
0.660844
0.587885
0.664995
0.619364
0.703335
0.708156
0.758916
0.649783
0.651475
0.622669
0.54398
0.528548
0.482867
0.606905
0.544718
0.598633
0.702222
0.671376
0.577666
0.582015
0.658784
0.663966
0.636146
0.625837
0.713364
0.641373
0.622528
0.686307
0.738521
0.764073
0.781466
0.712831
0.568198
0.48784
0.442761
0.544995
0.623062
0.607411
0.656658
0.539685
0.546303
0.654871
0.585339
0.514186
0.647827
0.683498
0.569043
0.542607
0.679585
0.632528
0.683081
0.718816
0.619463
0.738081
0.719874
0.658635
0.729416
0.868479
0.748818
0.674279
0.777377
0.766103
0.768398
0.694588
0.759486
0.829807
0.843031
0.833251
0.939714
0.917513
0.878447
0.854272
0.777384
0.85202
0.768989
0.724066
0.775772
0.676109
0.519249
0.681507
0.63201
0.609882
0.637861
0.654383
0.748739
0.668961
0.745121
0.751491
0.723442
0.719857
0.697998
0.634171
0.539695
0.595915
0.593112
0.55333
0.530394
0.578931
0.517692
0.488007
0.491473
0.511197
0.462661
0.437461
0.409293
0.364472
0.315937
0.299256
0.233867
0.247966
0.270472
0.294904
0.379177
0.421894
0.399599
0.487136
0.465479
0.537001
0.528433
0.449621
0.49061
0.586412
0.551833
0.512014
0.715479
0.704994
0.790562
0.775179
0.779079
0.689617
0.749055
0.759249
0.820555
0.745133
0.764897
0.769807
0.84368
0.823612
0.801768
0.774648
0.746682
0.802352
0.874112
0.823225
0.732637
0.874047
0.832776
0.774763
0.74036
0.803132
0.758837
0.651282
0.747543
0.732586
0.625296
0.521689
0.610003
0.610734
0.713206
0.607204
0.702751
0.744088
0.761646
0.768112
0.813297
0.775443
0.783164
0.679185
0.709666
0.645186
0.68911
0.655793
0.597995
0.576697
0.575676
0.580055
0.566163
0.624069
0.628021
0.621693
0.710309
0.799465
0.616067
0.572205
0.508672
0.566367
0.548639
