0.387385
0.486555
0.485364
0.585271
0.574924
0.642968
0.562493
0.509977
0.534713
0.53069
0.539416
0.560226
0.566515
0.597623
0.556574
0.581327
0.588147
0.671236
0.617097
0.639122
0.680764
0.653626
0.563358
0.671514
0.62402
0.518141
0.519293
0.608854
0.591246
0.52693
0.543497
0.463974
0.418258
0.387915
0.487056
0.558538
0.585756
0.519735
0.557171
0.591091
0.549464
0.537703
0.574644
0.614238
0.678223
0.636144
0.649317
0.678577
0.662638
0.713068
0.713779
0.657518
0.800398
0.713579
0.660977
0.862472
0.878924
0.691155
0.800715
0.849677
0.763011
0.704229
0.686247
0.761135
0.591012
0.695321
0.676981
0.720164
0.808024
0.836769
0.821351
0.938419
0.759428
0.721062
0.734121
0.61229
0.611202
0.658947
0.910295
0.695445
0.680208
0.665585
0.546872
0.540611
0.630118
0.569441
0.591417
0.679422
0.758518
0.67301
0.750615
0.822564
0.745921
0.712145
0.645808
0.599119
0.587409
0.731067
0.589635
0.609199
0.669461
0.695285
0.591699
0.615052
0.685321
0.660099
0.639572
0.58476
0.708387
0.501167
0.480937
0.561278
0.55361
0.434812
0.480995
0.520601
0.511397
0.690669
0.670915
0.557512
0.522188
0.528227
0.334503
0.415951
0.437964
0.477352
0.6155
0.673895
0.701682
0.862668
0.755864
0.81598
0.835407
0.977745
0.814605
0.789067
0.926318
0.953356
0.83928
0.936632
0.757086
0.975841
0.872064
0.827763
0.764582
0.763864
0.940586
0.735311
0.676816
0.612786
0.515156
0.508767
0.499437
0.447064
0.384558
0.462023
0.473266
0.539039
0.467593
0.540292
0.539237
0.530557
0.55414
0.533601
0.565649
0.453624
0.443464
0.448421
0.443102
0.458836
0.451914
0.473279
0.468801
0.411776
0.492912
0.481185
0.585656
0.636283
0.646565
0.591749
0.703033
0.644007
0.787979
0.720354
0.697294
0.757883
0.792818
0.812356
0.760226
0.835823
0.632383
0.757853
0.659637
0.577529
0.652571
0.732812
0.637448
0.623148
0.522153
0.444495
0.4947
0.510542
0.612574
0.600682
0.66549
0.617466
0.593589
0.634231
0.637202
0.714084
0.73743
0.758817
0.826693
0.738555
0.768201
0.647122
0.765413
0.658419
0.748645
0.738623
0.764016
0.774594
0.769179
0.715792
0.725864
0.731277
0.752469
0.86533
0.770129
0.659779
0.662507
0.70999
0.594309
0.909504
0.723333
0.635594
0.610953
0.593988
0.617794
0.495952
0.454469
0.434798
0.537169
0.443706
0.404883
0.368385
0.29048
0.270703
0.308073
0.310616
0.341354
0.379752
0.369704
0.397714
0.446063
0.452967
0.429065
0.435962
0.546924
0.50313
0.500521
0.591301
0.572272
0.523155
0.659686
0.621347
0.495825
0.428288
0.464093
0.367352
0.323034
0.329567
0.28983
0.383765
0.41656
0.413399
0.358858
0.380248
0.409148
0.492524
0.429358
0.544052
0.651625
0.630784
0.655773
0.61119
0.80638
0.845878
0.760756
0.875354
0.834342
0.870084
0.812482
0.921232
0.88387
0.821685
0.827455
0.777724
0.692632
0.668891
0.843011
0.796698
0.73512
0.692006
0.672488
0.743455
0.740805
0.617097
0.614388
0.518717
0.458176
0.469619
0.506365
0.716497
0.74139
0.854155
0.844042
0.837724
0.939205
0.843618
0.732073
0.800528
0.912862
0.886478
0.778434
0.639299
0.694799
0.527736
0.343797
0.408895
0.512706
0.671079
0.522061
0.662269
0.859567
0.873387
0.86212
0.938759
0.940078
0.885634
0.88746
0.828035
0.960167
0.872176
0.808715
0.80214
0.871434
0.727458
0.866127
0.768242
0.77023
0.727882
0.880801
0.882117
0.810218
0.757528
0.859208
0.863188
0.80392
0.741282
0.842516
0.8096
0.704624
0.617419
0.527886
0.382738
0
0.275433
0.351531
0.316066
0.336591
0.356151
0.313636
0.427612
0.444651
0.484213
0.556852
0.494301
0.634824
0.548309
0.552831
0.68203
0.747926
0.631987
0.712077
0.733018
0.724966
0.831668
0.890775
0.783247
0.768051
0.82834
0.66485
0.666571
0.713253
0.723846
0.678463
0.603596
0.59425
0.571809
0.649269
0.575754
0.582574
0.601337
0.556643
0.570155
0.560037
0.558814
0.50026
0.48475
0.513425
0.491822
0.49037
0.565567
0.548558
0.485106
0.492736
0.52606
0.597305
0.624607
0.609851
0.452028
0.422348
0.379368
0.37307
0.418576
0.52621
0.481397
0.664021
0.597609
0.582668
0.599667
0.649075
0.645153
0.606986
0.720408
0.784433
0.785232
0.673901
0.656831
0.70165
0.630761
0.725071
0.87661
0.965175
0.977583
0.914924
0.804343
0.925001
0.915623
0.691343
0.663696
0.54915
0.528241
0.525981
0.499878
0.450157
0.463997
0.489132
0.534436
0.543725
0.583453
0.577966
0.593786
0.623447
0.570898
0.5371
0.635132
0.623348
0.773906
0.927325
0.845739
0.768118
0.690846
0.638397
0.645431
0.717403
0.720319
0.931439
0.594233
0.530352
0.566096
0.717981
0.670274
0.598158
0.559376
0.585544
0.607514
0.657657
0.72171
0.690444
0.735213
0.768634
0.723992
0.628743
0.771184
0.73784
0.704713
0.60292
0.532835
0.716912
0.796865
0.751535
0.69985
0.860079
0.658037
0.678625
0.756761
0.666515
0.727053
0.813128
0.701737
0.595193
0.782074
0.684658
0.633641
0.786385
0.680882
0.7521
0.826991
0.752762
0.655134
0.710492
0.748883
0.578102
0.597582
0.624514
0.645312
0.530006
0.446713
0.538663
0.673158
0.533476
0.45113
0.547303
0.565662
0.498287
0.511748
0.531166
0.532456
0.480462
0.471861
0.442013
0.469531
0.52512
0.510854
0.696896
0.636278
0.536723
0.526819
0.670513
0.794747
0.840662
0.583053
0.576393
0.453482
0.354632
0
0
0.434302
0.375971
0.430636
0.340104
0
0.407247
0.455541
0.532399
0.505948
0.588932
0.615972
0.583595
0.729318
0.62112
0.730103
0.651988
0.604085
0.700786
0.691351
0.678785
0.645242
0.607806
0.519307
0.480487
0.566484
0.438901
0.440106
0.5022
0.476897
0.661747
0.640269
0.848368
0.726004
0.671563
0.636635
0.497919
0.44452
0.358993
0.317581
0.556219
0.278622
0.290824
0.305467
0.503213
0.461589
0.461177
0.464289
0.51054
0.597817
0.551244
0.549744
0.572658
0.693279
0.632095
0.644212
0.652498
0.781107
0.697039
0.598956
0.683236
0.706319
0.62275
0.55755
0.6269
0.534871
0.586863
0.659761
0.625127
0.560746
0.621392
0.670829
0.55684
0.688676
0.607878
0.578893
0.549518
0.425541
0.403807
0.487061
0.600175
0.692806
0.741709
0.57002
0.577616
0.632254
0.468512
0.429636
0.352884
0.429271
0.591616
0.695862
0.795005
0.709978
0.60102
0.596685
0.467462
0.683847
0.574232
0.44609
0.499831
0.523142
0.453376
0.699043
0.713124
0.699847
0.377673
0
0.317066
0.637916
0.684809
0
0.514019
0.62472
0.619809
0.417542
0.477938
0.529673
0.674754
0.582789
0.799529
0.598523
0.711031
0.669539
0.849692
0.828205
0.783988
0.713389
0.740399
0.904902
0.885576
0.705197
0.835649
0.777278
0.747391
0.686567
0.556765
0.5606
0.65918
0.674889
0.740239
0.603898
0.70602
0.615506
0.438913
0.578626
0.570644
0.499886
0.466797
0.469033
0.429423
0.473266
0.501046
0.442173
0.410798
0.461831
0.442508
0.474715
0.411049
0.483956
0.490571
0.42124
0.447225
0.514591
0.502824
0.466062
0.563796
0.573773
0.576313
0.596658
0.607782
0.605066
0.630529
0.569297
0.558166
0.66107
0.648283
0.587732
0.602046
0.644535
0.681042
0.681632
0.601175
0.504179
0.473731
0.500249
0.530552
0.491663
0.577004
0.638656
0.510389
0.507331
0.558935
0.568897
0.477145
0.498553
0.52607
0.494029
0.49573
0.450061
0.487981
0.362239
0.412657
0.500324
0.427231
0.521896
0.44716
0.401856
0.517484
0.549506
0.67225
0.805111
0.726835
0.666269
0.737027
0.873356
0.695168
0.650341
0.740873
0.724336
0.698085
0.740261
0.730903
0.640957
0.644121
0.574366
0.662414
0.687516
0.815802
0.721094
0.681269
0.736149
0.688277
0.721305
0.658549
0.68602
0.679159
0.773836
0.773217
0.782863
0.839835
0.702078
0.660661
0.793248
0.723222
0.814381
0.918742
0.869308
1
0.977252
0.890977
0.896021
0.881504
0.747422
0.735425
0.859934
0.846715
0.742428
0.817982
0.681685
0.79807
0.616896
0.540075
0.512116
0.581548
0.728143
0.702177
0.804831
0.679188
0.615744
0.489629
0.399799
0.344742
0.287023
