0.245229
0.236532
0.273585
0.245229
0.273585
0.360184
0.445387
0.389199
0.413021
0.539109
0.641773
0.669236
0.708196
0.593135
0.642242
0.671215
0.71635
0.565977
0.593853
0.561879
0.575768
0.498482
0.496796
0.493851
0.480301
0.509866
0.570703
0.604152
0.762995
0.742184
0.807747
0.69747
0.76629
0.812012
0.840527
0.85328
0.737637
0.80177
0.712678
0.745946
0.809251
0.723081
0.600211
0.694105
0.749992
0.581954
0.538391
0.750149
1
0.561467
0.574727
0.501533
0.428106
0.488747
0.3514
0.29475
0.426535
0.35092
0.449879
0.346726
0.30629
0.260462
0.242749
0.232029
0.21852
0.240273
0.188034
0
0.168374
0.181263
0.216779
0.225699
0.414478
0
0.276844
0.556264
0.655804
0.688722
0.554017
0.673027
0.562588
0.629535
0.578666
0.717257
0.627666
0.579208
0.610395
0.61934
0.559892
0.742604
0.626158
0.655045
0.57755
0.541801
0.537104
0.602988
0
0
0.356639
0.293696
0.337591
0.476534
0.456962
0.517726
0.630412
0.567236
0.58033
0.573508
0.551028
0.718856
0.69128
0.64328
0.735959
0.637203
0.581464
0.570489
0.56425
0
0.757696
0
0
0.254783
0.340587
0.276025
0.415691
0.541691
0.475756
0.624025
0.886472
0.728083
0.623081
0.739784
0.500906
0.713405
0.815578
0.680647
0.708983
0.747039
0.623955
0.612527
0.629898
0.56815
0.542761
0.471214
0.49725
0.520127
0.710913
0.62253
0.591464
0.552796
0.593069
0.59214
0.621211
0.577793
0.519629
0.516704
0.605069
0.587782
0.792429
0.744228
0.722667
0.761953
0.727095
0.857956
0.740617
0.870942
0.775415
0.815245
0.708049
0.819545
0.797313
0.876414
0.712064
0.724071
0.617099
0.767663
0.675163
0.545447
0.583839
0.64149
0.837422
0.777574
0.710259
0.787028
0.559583
0.772716
0.719055
0.654418
0.665156
0.68773
0.682995
0.73056
0.834419
0.674605
0.759574
0.638036
0.652197
0.650645
0.703195
0.758823
0.717202
0.981514
0.781146
0.656993
0.820918
0.823463
0.693132
0.74082
0.767105
0.747883
0.674132
0.672601
0.712291
0.683185
0.612447
0.65198
0.567149
0.536649
0.650309
0.588298
0.606969
0.611174
0.585802
0.552677
0.556092
0.628574
0.647985
0.577007
0.582543
0.642946
0.733467
0.628505
0.612011
0.508657
0.503031
0.502706
0.548174
0.56277
0.675871
0.832642
0.786416
0.72788
0.662891
0.674576
0.762003
0.549606
0.561236
0.581022
0.804473
0.790849
0.821151
0.649228
0.849849
0.86229
0.76929
0.86017
0.6487
0.612904
0.76526
0.806867
0.730317
0.634128
0.629853
0.483069
0.510875
0.432116
0.400307
0.426107
0.440194
0.402405
0.377179
0.388759
0.39458
0.392678
0.405754
0.378571
0.491742
0.58581
0.694467
0
0.387575
0.620557
0.690459
0.829911
0.665031
0.848933
0.748339
0.768123
0.695064
0.780448
0.942813
0.900631
0.787725
0.608249
0.56092
0.622634
0.509949
0.527868
0.426996
0.45891
0.434617
0.546556
0.668204
0.553624
0.458126
0.429858
0.494007
0.453016
0.56218
0.616559
0.467167
0.451458
0.37187
0.448141
0.44466
0.420068
0.503365
0.753155
0.796832
0.888194
0.712568
0.702779
0.758682
0.75626
0.652777
0.580805
0.503559
0.608301
0.607542
0.552623
0.507085
0.487682
0.495678
0.481422
0.402191
0.367989
0.325459
0.166655
0.166655
0.166655
0.199739
0.204804
0.183175
0.219407
0.237373
0.374943
0.453784
0.53619
0.635414
0.760006
0.61482
0.549631
0.710669
0.665419
0.547887
0.600684
0.593244
0.579484
0.533899
0.515485
0.526876
0.51843
0.548963
0.571921
0.632856
0.681231
0.666298
0.712405
0.625379
0.730456
0.635428
0.649119
0.67877
0.56298
0.619932
0.62331
0.672921
0.814603
0.726692
0.597735
0.735352
0.74785
0.571374
0.539373
0.612709
0.83872
0.444096
0.506749
0.538472
0.469027
0.524032
0.473417
0.405455
0.448482
0.475967
0.504689
0.470708
0.393202
0.288351
0.236011
0.217131
0.222149
0.182909
0.167407
0
0.183801
0.250479
0.2981
0.252065
0.504161
0
0.34408
0.577904
0.582197
0.67754
0.511248
0.610422
0.557246
0.55504
0.551128
0.656658
0.602329
0.597125
0.647709
0.629334
0.582976
0.665968
0.627978
0.590246
0.517911
0.521078
0.484909
0.456343
0
0
0.355928
0.290787
0.339392
0.431523
0.425075
0.430681
0.59682
0.533676
0.490507
0.477746
0.53551
0.651068
0.649309
0.519664
0.643193
0.545746
0.51628
0.477054
0.466563
0
0.717096
0
0
0.247338
0.327815
0.279303
0.416978
0.3938
0.424445
0.650594
0.76169
0.60659
0.580473
0.570984
0.342356
0.644449
0.682373
0.563832
0.584199
0.734471
0.624819
0.553124
0.510217
0.474401
0.482558
0.449328
0.464277
0.476571
0.57961
0.486852
0.470686
0.466941
0.479223
0.499504
0.569881
0.633554
0.570232
0.544018
0.606974
0.655233
0.732671
0.706208
0.697433
0.703907
0.575791
0.793945
0.748045
0.827446
0.683206
0.7896
0.860211
0.99481
0.747604
0.763834
0.734212
0.695129
0.547402
0.697034
0.67402
0.5769
0.625129
0.650099
0.773188
0.77129
0.750958
0.805335
0.712995
0.690054
0.595278
0.69166
0.633113
0.693244
0.693224
0.70802
0.83443
0.611887
0.706289
0.635573
0.637495
0.613299
0.61227
0.699363
0.618181
0.908526
0.633299
0.645375
0.764934
0.739886
0.631735
0.680777
0.797487
0.76367
0.670418
0.677889
0.709002
0.742257
0.615076
0.659193
0.538293
0.486123
0.580824
0.53978
0.542116
0.532596
0.53448
0.522276
0.551265
0.639647
0.648273
0.560641
0.607095
0.637378
0.698388
0.568227
0.576214
0.487096
0.464692
0.450228
0.504496
0.499018
0.618021
0.769982
0.789757
0.764899
0.695703
0.652167
0.712678
0.535754
0.497298
0.563813
0.623812
0.669887
0.767251
0.575182
0.759639
0.839694
0.729216
0.827352
0.71589
0.641165
0.715298
0.768275
0.701527
0.666957
0.651088
0.425277
0.439103
0.392934
0.400031
0.383131
0.368492
0.345038
0.387699
0.387446
0.355117
0.322545
0.327207
0.418101
0.443506
0.451751
0.484864
0
0.313125
0.525174
0.580415
0.514551
0.576429
0.717793
0.668636
0.717666
0.672635
0.739304
0.884452
0.862836
0.773662
0.596407
0.539294
0.56085
0.510585
0.538238
0.476013
0.446544
0.420345
0.523885
0.646245
0.563406
0.438689
0.444547
0.47233
0.463331
0.523388
0.545106
0.442721
0.46868
0.345632
0.426218
0.416182
0.369583
0.472005
0.771386
0.83773
0.857951
0.644856
0.67536
0.750874
0.687116
0.652121
0.635155
0.533667
0.558
0.53351
0.56593
0.52527
0.487633
0.511802
0.507097
0.462163
0.39207
0.334402
