0.481843
0.584776
0.630945
0.515469
0.65976
0.674121
0.546104
0.627975
0.621547
0.507156
0.400702
0
0.467367
0.518032
0.52271
0.506866
0.5731
0.742177
0.710726
0.786483
0.902867
0.88305
0.837041
0.788309
0.909799
0.95074
0.92678
0.920383
0.900133
0.840972
0.896651
1
0.749216
0.61246
0.56444
0.59404
0.563304
0.534399
0.497333
0.525131
0.579831
0.556664
0.611794
0.629616
0.58841
0.577806
0.597638
0.82906
0.72379
0.766182
0.597224
0.651046
0.758499
0.761905
0.812782
0.88072
0.857036
0.696828
0.699114
0.869629
0.706031
0.747767
0.747675
0.619996
0.583641
0.446338
0.449919
0.524332
0.579249
0.655818
0.575164
0.667083
0.82665
0.695331
0.850667
0.765808
0.751486
0.771221
0.860817
0.760945
0.885562
0.742833
0.676062
0.683181
0.651146
0.628367
0.71519
0.658247
0.646421
0.681244
0.57281
0.546843
0.590916
0.587144
0.679856
0.718839
0.758658
0.775726
0.800803
0.782007
0.761821
0.754719
0.63179
0.649449
0.770238
0.748093
0.626039
0.762485
0.454031
0.590662
0.517919
0.458542
0.490519
0.562434
0.607558
0.674326
0.66853
0.43335
0
0.694048
0.463685
0.563847
0.623337
0.661197
0.538218
0.633556
0.638503
0.494762
0.674763
0.790186
0.603898
0.639342
0.63616
0.534243
0.429695
0
0.488144
0.627601
0.608516
0.572126
0.708242
0.766334
0.909527
0.851138
0.866253
0.869829
0.786701
0.840524
0.899233
0.817344
0.895027
0.925415
0.767976
0.792902
0.897562
0.95606
0.678424
0.644728
0.542704
0.586254
0.557557
0.520817
0.491843
0.518216
0.510008
0.527054
0.528002
0.555697
0.529945
0.537411
0.563589
0.704733
0.650068
0.663128
0.540264
0.586156
0.703949
0.726173
0.710234
0.76968
0.783839
0.621155
0.639177
0.759323
0.796528
0.695821
0.765898
0.567515
0.578146
0.746104
0.667013
0.497719
0.457453
0.44611
0.577101
0.592002
0.725947
0.87895
0.763229
0.705877
0.721775
0.747714
0.775519
0.785622
0.787715
0.680094
0.651403
0.597413
0.58731
0.646639
0.728808
0.682412
0.70117
0.705191
0.598131
0.554558
0.573908
0.549112
0.628543
0.674477
0.709704
0.697451
0.754651
0.684031
0.614197
0.672841
0.737395
0.752716
0.717993
0.678702
0.86685
0.612471
0.422513
0.519864
0.517243
0.471002
0.488647
0.543955
0.592376
0.606348
0.595869
0.399801
0
0.627681
0.690638
0.684331
0.726654
0.758108
