0.671562
0.68778
0.739841
0.766323
0.79909
0.89769
0.968015
0.794741
0.829527
0.8854
0.891349
0.798691
0.740244
0.686134
0.720481
0.680184
0.800219
0.590218
0.637504
0.804374
0.610365
0.65078
0.735805
0.747258
0.672769
0.798679
0.780238
0.597704
0.49595
0.395997
0.458707
0.492597
0.410149
0.526787
0.472211
0.640926
0.696029
0.683354
0.718833
0.768659
0.7315
0.85346
0.956191
0.739457
0.766269
0.596061
0.531139
0.536823
0.440835
0.503397
0.472276
0.393144
0.414319
0.450413
0.452605
0.447699
0.511478
0.688608
0.828811
0.837403
0.912941
0.849289
0.851437
0.729259
0.821509
0.920785
0.885488
0.870891
0.826041
1
0.682247
0
0.381192
0.651262
0.430445
0.363324
0.444479
0.39623
0.364663
0.403255
0.404933
0.395271
0.565685
0.59965
0.571318
0.598224
0.592272
0.621528
0.605189
0.581345
0.630655
0.630356
0.580806
0.488724
0.503175
0.551556
0.623831
0.578496
0.562503
0.604432
0.650193
0.599322
0.52604
0.594651
0.68834
0.707051
0.690768
0.555538
0.497992
0.59477
0.491753
0.471067
0.428905
0.461875
0.459206
0.420736
0.53445
0.371578
0
0.658944
0.815923
0.803033
0.704375
0.650879
0.745602
0.620962
0.572454
0.638245
0.714417
0.574619
0.728512
0.707309
0.791689
0.698491
0.717403
0.920133
0.930433
0.817104
0.772156
0.674116
0.829487
0.701932
0.573341
0.643901
0.753474
0.681447
0.61487
0.615477
0.689263
0.623591
0.616648
0.644334
0.658131
0.871691
0.904666
0.799571
0.730348
0.644993
0.625633
0.503685
0.452481
0.374109
0.382083
0.40576
0.407946
0.35075
0.379659
0.452466
0.445633
0.514194
0.600703
0.447036
0.643691
0.507919
0.613605
0.722271
0.816582
0.875579
0.816361
0.77929
0.718905
0.682745
0.7443
0.720323
0.616378
0.604257
0.591244
0.542268
0.422414
0.474055
0.467445
0.605836
0.615643
0.522737
0.492222
0.68678
0.810297
0.782147
0.759704
0.772559
0.77226
0.713554
0.618589
0.597064
0.665614
0.6006
0.627679
0.632702
0.632282
0.52863
0.51071
0.370956
0.411925
0.384462
0.330042
0
0.545228
0.64075
0.531191
0.897499
0.767782
0.885074
0.847526
0.743135
0.734117
0.701862
0.679208
0.794434
0.765996
0.903887
0.742838
0.868745
0.88782
0.905297
0.88782
0.513941
0.563998
0.464821
0.400217
0.428103
0.411376
0.398649
0.550302
0.477752
0.525619
0.524548
0.480397
0.715918
0.653062
0.622733
0.650694
0.542495
0.547
0.716479
0.612334
0.564034
0.657503
0.628493
0.702784
0.691034
0.642719
0.560197
0.596758
0.744812
0.755402
0.610292
0.492743
