0.359543
0.444636
0.389319
0.367257
0.414606
0.413276
0.4705
0.464164
0.482874
0.498636
0.522843
0.673966
0.55909
0.61301
0.644015
0.694906
0.509148
0.54048
0.266618
0.259647
0.238651
0.429881
0.643084
0.684891
0.620048
0.655197
0.576778
0.584172
0.627787
0.617329
0.649391
0.617719
0.566155
0.72028
1
0.552267
0
0.422865
0.462103
0.323769
0.319645
0.347936
0.32113
0.357333
0.436863
0.445346
0.423375
0.469886
0.456971
0.509953
0.465335
0.425203
0.438343
0.492602
0.474449
0.473501
0.409472
0.397531
0.473532
0.431154
0.455854
0.453385
0.446951
0.452882
0.492888
0.4671
0.479262
0.535957
0.42584
0.426835
0.454678
0.453056
0.433163
0.359892
0.312399
0.39578
0.273554
0.262309
0.254396
0.330122
0.252533
0
0.53878
0.750661
0.665706
0.545032
0.540276
0.596256
0.575324
0.496616
0.55387
0.581742
0.55816
0.622128
0.552167
0.514747
0.521666
0.51972
0.744198
0.650023
0.514019
0.507809
0.453137
0.442016
0.460059
0.441226
0.431334
0.433897
0.518148
0.66487
0.628204
0.616175
0.510657
0.448965
0.44956
0.392618
0.414113
0.37637
0.439119
0.343351
0.355578
0.415161
0.3818
0.389947
0.424426
0.454079
0.46491
0.510939
0.40628
0.448713
0.45163
0.550283
0.610277
0.585259
0.491494
0.548905
0.52953
0.509246
0.516083
0.50383
0.463752
0.469585
0.461873
0.447108
0.362081
0.330004
0.287335
0.32926
0.436113
0.336211
0.347357
0.341539
0.338898
0.449962
0.440235
0.451076
0.523243
0.556709
0.575345
0.460379
0.425817
0.444097
0.414103
0.477735
0.426985
0.480768
0.350269
0.342808
0.370284
0.30046
0
0.554946
0.531127
0.502982
0.674388
0.642168
0.610064
0.525357
0.498587
0.432055
0.46143
0.463722
0.476189
0.533786
0.58476
0.736878
0.628872
0.589933
0.589753
0.473831
0.381721
0.313045
0.28972
0.30686
0.335662
0.349203
0.426391
0.383456
0.356148
0.397012
0.370425
0.427893
0.428051
0.438129
0.505846
0.305791
0.370664
0.587099
0.512058
0.432818
0.489905
0.591962
0.541863
0.463095
0.535463
0.533278
0.477666
0.458371
0.523303
0.414046
0.372536
0.473129
