0.468985
0.467735
0.520145
0.652128
0.392392
0.392293
0.513006
0.473899
0.43485
0.449942
0.407961
0.461518
0.398267
0.499638
0.423151
0.414723
0.509675
0.520933
0.5641
0.575233
0.585661
0.685275
0.602209
0.573522
0.55659
0.618399
0.640324
0.614227
0.565772
0.620923
0.591392
0.541353
0.518911
0.504249
0.451873
0.438763
0.436309
0.340855
0.410294
0.476922
0.429535
0.50421
0.617099
0.59105
0.59252
0.510692
0.522787
0.485049
0.49737
0.510366
0.52151
0.543868
0.482533
0.545996
0.466274
0.463683
0.478256
0.460423
0.451841
0.457471
0.509953
0.473888
0.481134
0.524275
0.581801
0.523432
0.489902
0.525833
0.616622
0.583667
0.609232
0.657924
0.581317
0.621015
0.648207
0.71998
0.683396
0.818722
0.694596
0.586267
0.548839
0.675831
0.629081
0.675665
0.588269
0.591511
0.560055
0.546559
0.484927
0.468905
0.469946
0.535995
0.567857
0.542223
0.625358
0.583625
0.590751
0.571534
0.651773
0.688466
0.653343
0.67063
0.65693
0.640232
0.791215
0.678498
0.646091
0.743932
0.820223
0.732509
0.755878
0.769303
0.743547
0.69088
0.69424
0.583969
0.629801
0.70392
0.659763
0.674257
0.61853
0.607497
0.682793
0.675253
0.606885
0.643446
0.709525
0.76278
0.81873
0.784036
0.961318
0.868525
0.768475
0.857584
0.98988
0.80849
0.76359
0.914254
0.956012
0.850268
0.716906
0.801505
0.873783
0.78914
0.660396
0.702999
0.629265
0.570214
0.631715
0.619223
0.546511
0.458087
0.503937
0.522681
0.403677
0.409631
0
0.454364
0.596434
0.796857
0.572098
0.386867
0.460686
0.543513
0.645052
0.670507
0.603339
0.65821
0.715946
0.790202
0.747101
0.691131
0.590709
0.526802
0.369105
0.441011
0.378593
0.520324
0.517783
0.563605
0.52671
0.539245
0.549282
0.564346
0.486414
0.548253
0.489345
0.550127
0.515912
0.528997
0.538599
0.491707
0.421568
0.507429
0.508416
0.473743
0.449376
0.574998
0.718861
0.746259
0.73607
0.876859
0.804152
0.834846
0.851126
0.707304
0.600174
0.564888
0.5016
0.537674
0.497309
0.659194
0.676311
0.779038
0.765616
0.628855
0.75351
0.782896
0.662029
0.667438
0.685977
0.856728
0.683087
0.832746
0.971312
0.905244
0.824965
0.937068
1
0.941742
0.946881
0.918191
0.725509
0.817326
0.806136
0.775747
0.766619
0.780259
0.723525
0.632463
0.668967
0.730857
0.677457
0.626545
0.648287
0.712299
0.737335
0.716956
0.667059
0.711101
0.720793
0.762993
0.876397
0.777129
0.959807
0.944002
0.794013
0.852215
0.968816
0.98665
0.98446
0.883356
0.953588
0.931152
0.895999
0.872756
0.901953
0.881789
0.815692
0.858992
0.836575
0.784729
0.738774
0.690101
0.693413
0.629927
0.750392
0.884511
0.770232
0.693731
0.678872
0.666699
0.707582
0.679281
0.822258
0.808169
0.721679
0.713258
0.747628
0.748044
0.798242
0.899663
0.757717
0.769516
0.691081
0.697764
0.697987
0.750429
0.858979
0.743554
0.785245
0.96981
0.941923
