0.530501
0.508824
0.64385
0.632176
0.57076
0.707005
0.776615
0.688981
0.664237
0.818609
0.873655
0.799504
0.729681
0.897397
0.915396
0.850567
0.736898
0.806153
0.932221
0.773976
0.737572
0.685533
0.889614
0.815174
0.787355
0.914209
0.77271
0.854736
0.825164
0.801433
0.790837
0.763707
0.774754
0.836749
0.834536
0.826074
0.845659
0.71233
0.706255
0.710218
0.680039
0.713501
0.615934
0.628215
0.76746
0.849598
0.74347
0.774607
0.872063
0.828045
0.769972
0.775187
0.793523
0.77522
0.729954
0.833308
0.808699
0.710756
0.769148
0.844939
0.797505
0.825564
0.942089
0.916749
0.874195
0.889952
0.902369
0.782159
0.769735
0.791343
0.763044
0.744522
0.698112
0.766518
0.645169
0.541576
0.676464
0.653337
0.481361
0.529658
0.598929
0.536016
0.459438
0.474371
0.493342
0.447334
0.459416
0.403513
0.427961
0.381552
0.316367
0.542291
0.610027
0.633718
0.6773
0.554887
0.561104
0.682964
0.634027
0.520135
0.60268
0.651106
0.526177
0.494952
0.570734
0.559551
0.531456
0.566278
0.670096
0.642939
0.602202
0.648334
0.769272
0.687427
0.656316
0.728135
0.699887
0.597982
0.719778
0.658228
0.630547
0.568879
0.538927
0.49258
0.443203
0.362116
0.286231
0
0.269669
0.546825
0.498875
0.425966
0.439742
0.54544
0.598872
0.608377
0.597117
0.61557
0.61947
0.784455
0.670715
0.641808
0.804994
0.759543
0.6922
0.692339
0.726529
0.777635
0.685789
0.688498
0.746185
0.647349
0.574535
0.423103
0.415076
0.597485
0.568113
0.547718
0.583528
0.613729
0.64573
0.675371
0.683635
0.743626
0.764346
0.723028
0.767339
0.816253
0.79808
0.951232
0.870405
0.843461
0.952049
0.908365
0.792687
0.830349
0.787685
0.632584
0.566726
0.646913
0.643938
0.470238
0.47441
0.379939
0.323383
0.411011
0.49688
0.482966
0.563566
0.446021
0.386063
0.565071
0.586129
0.573954
0.47354
0.635441
0.638761
0.614201
0.505346
0.528333
0.555697
0.559635
0.588338
0.699994
0.663561
0.6216
0.622294
0.644731
0.617892
0.755674
0.709177
0.774595
0.675913
0.769956
0.831607
0.737363
0.738444
0.771453
0.693532
0.708092
0.696079
0.647747
0.685533
0.483068
0.570554
0.768335
0.730499
0.65899
0.761677
0.622784
0.617593
0.541167
0.676742
0.587698
0.494739
0.517657
0.575033
0.558689
0.452418
0.50193
0.543652
0.540246
0.411724
0.571508
0.548487
0.504419
0.485468
0.425169
0.410167
0.564869
0.651894
0.672831
0.630533
0.655642
0.619569
0.694149
0.612408
0.596509
0.579755
0.673317
0.636522
0.580661
0.686211
0.741493
0.721704
0.718071
0.692892
0.648912
0.654518
0.811255
0.80409
0.664663
0.707313
0.790267
0.748992
0.661482
0.867723
0.723725
0.568198
0.667605
0.828398
0.695047
0.833419
0.699954
0.783138
0.761711
0.711096
0.581798
0.633676
0.807611
0.599418
0.559063
0.710411
0.700101
0.574193
0.578209
0.659054
0.588123
0.525901
0.540426
0.490608
0.532568
0.510344
0.493081
0.689713
0.643915
0.491104
0.60019
0.621813
0.488116
0.483068
0.569741
0.611654
0.459715
0.508939
0.595408
0.562037
0.482189
0.523698
0.623404
0.741444
0.828634
0.676067
0.699366
0.836091
0.875866
0.775392
0.748992
0.83119
0.76368
0.732174
0.804984
0.846301
0.752338
0.795447
0.81122
0.769377
0.769996
0.788954
0.750209
0.729378
0.714662
0.713701
0.650002
0.600185
0.634494
0.648147
0.66773
0.747651
0.564019
0.75835
0.73116
0.734503
0.669724
0.781921
0.804655
0.806224
0.667245
0.648591
0.648691
0.622648
0.730484
0.827605
0.793474
0.747987
0.817448
0.847188
0.815482
0.797093
0.849798
0.884985
0.734875
0.85697
0.918551
0.806297
0.735887
0.725404
0.697339
0.86251
0.834131
0.816138
0.927695
0.938471
0.885837
0.826286
0.690115
0.861868
0.739117
0.653599
0.808152
0.869333
0.803501
0.782244
0.800323
0.664643
0.645642
0.689936
0.660714
0.684205
0.662716
0.636789
0.543432
0.534967
0.532346
0.434952
0.540859
0.592476
0.589685
0.602508
0.651613
0.593965
0.658596
0.702574
0.651522
0.683238
0.745564
0.794325
0.78245
0.724351
0.785137
0.777503
0.703202
0.659769
0.703202
0.638811
0.651876
0.62256
0.658339
0.769542
0.676319
0.578609
0.679844
0.540746
0.594067
0.529988
0.614093
0.735426
0.693217
0.591373
0.800709
0.838457
0.78745
0.752673
0.775633
0.760026
0.719628
0.658339
0.556982
0.734875
0.719628
0.793142
0.704526
0.716221
0.575401
0.542153
0.681879
0.577808
0.649309
0.64588
0.542535
0.604043
0.740261
0.68601
0.63472
0.645759
0.736507
0.67681
0.622609
0.682837
0.675009
0.669532
0.57167
0.574105
0.508852
0.599629
0.612704
0.532958
0.534803
0.538019
0.543186
0.472554
0.454536
0.638648
0.558196
0.700922
0.651695
0.52527
0.690594
0.537685
0.569067
0.680453
0.744685
0.676231
0.739186
0.804162
0.792775
0.748538
0.712819
0.790132
0.714513
0.705534
0.663582
0.75088
0.682467
0.606111
0.604157
0.428876
0.461182
0.563061
0.605529
0.455901
0.666597
0.635916
0.747247
0.735977
0.709252
0.505672
0.367142
0.362581
0.356502
0.487483
0.610013
0.414277
0.493769
0.67282
0.681469
0.588748
0.630303
0.69613
0.703318
0.694834
0.718938
0.692756
0.655251
0.746826
0.625168
0.688894
0.69229
0.659977
0.524199
0.52752
0.568068
0.477258
0.476211
0.457594
0.553301
0.633047
0.608735
0.689841
0.654531
0.588018
0.508554
0.278946
0.351198
0.426378
0.268397
0
0.232814
0.310606
0.357906
0.405983
0.54452
0.4994
0.51784
0.530794
0.631534
0.502427
0.521916
0.606816
0.579691
0.673256
0.568744
0.584891
0.648899
0.739024
0.598533
0.56841
0.714288
0.671457
0.528615
0.631781
0.698461
0.584021
0.586336
0.532147
0.599496
0.673808
0.645329
0.723601
0.641414
0.524555
0.439942
0.332524
0.451855
0.486314
0.502031
0.31392
0
0.324582
0.395952
0.298533
0.342274
0.459341
0.456865
0.421856
0.369619
0.483809
0.52318
0.473721
0.415281
0.47499
0.449952
0.449536
0.5222
0.576841
0.532006
0.643522
0.608244
0.626036
0.707719
0.5757
0.605219
0.461267
0.41332
0.377432
0.550003
0.468683
0.562913
0.651237
0.467846
0.513669
0.583531
0.564955
0.53504
0.524615
0.533938
0.560224
0.554304
0.589422
0.588149
0.586022
0.662011
0.723549
0.584399
0.627795
0.669198
0.553937
0.522788
0.657482
0.637618
0.515935
0.478355
0.46591
0.500187
0.505342
0.488074
0.537922
0.532935
0.456065
0.497619
0.49349
0.47831
0.526134
0.609942
0.553705
0.58026
0.632628
0.663463
0.609228
0.604171
0.675908
0.546804
0.480936
0.547659
0.55908
0.468352
0.472293
0.459578
0.36179
0.385929
0.435099
0.514041
0.418881
0.382901
0.423017
0.375762
0.352539
0.4534
0.445532
0.48089
0.518764
0.633191
0.594429
0.599136
0.626169
0.63005
0.693992
0.700587
0.604844
0.532702
0.55597
0.531746
0.429747
0.516389
0.479086
0.424343
0.422786
0.31506
0.364921
0.375866
0.402991
0.406704
0.418322
0.381742
0.365043
0.335509
0.355269
0.369589
0.40366
0.329014
0.271108
0.377074
0.374961
0.445986
0.389942
0.500967
0.482478
0.426974
0.463706
0.733275
0.755286
0.697568
0.525442
0.739517
0.718481
0.810851
0.794348
0.778984
0.557487
0.518858
0.488418
0.638995
0.479537
0.497704
0.639418
0.632089
0.527576
0.675327
0.730198
0.565428
0.59797
0.659406
0.655684
0.578227
0.568287
0.554246
0.508106
0.519368
0.618215
0.705115
0.555011
0.614505
0.673747
0.634579
0.573499
0.605694
0.539133
0.486425
0.558734
0.699822
0.600073
0.624363
0.643407
0.518976
0.485666
0.511816
0.63207
0.467713
0.449929
0.601884
0.589688
0.477201
0.485718
0.600638
0.610953
0.617776
0.714884
0.726504
0.714547
0.753624
0.918631
0.776228
0.746854
0.84587
0.852482
0.775594
0.704056
0.811557
0.743818
0.669141
0.529877
0.49565
0.468433
0.568089
0.586117
0.532781
0.57963
0.612612
0.607836
0.538515
0.593803
0.719089
0.55018
0.50454
0.678815
0.554128
0.59283
0.701969
0.56202
0.54107
0.704252
0.686176
0.634413
0.631733
0.708641
0.609625
0.601828
0.545739
0.504748
0.507941
0.592066
0.547624
0.499207
0.468503
0.435378
0.450406
0.527002
0.430527
0.529759
0.504034
0.493679
0.574508
0.531083
0.515592
0.666527
0.709949
0.822729
0.777986
0.755424
0.861239
0.790315
0.794509
0.827678
0.822625
0.854084
0.874577
0.780054
0.831316
0.862718
0.776993
0.74021
0.670905
0.620704
0.63623
0.572352
0.521195
0.513476
0.674429
0.485098
0.57564
0.468979
0.489614
0.66298
0.539993
0.564841
0.848819
0.910072
0.723028
0.768667
0.738615
0.507528
0.388547
0.305216
0.583322
0.564622
0.715893
0.67562
0.492062
0.525008
0.552968
0.459273
0.456985
0.524358
0.429562
0.532315
0.493687
0.510714
0.689331
0.706678
0.653078
0.729438
0.845084
0.812383
0.678528
0.799097
0.856256
0.743854
0.66498
0.791523
0.66072
0.516989
0.578618
0.702093
0.663695
0.439232
0.446739
0.373586
0.361863
0.604291
0.723908
0.675927
0.623713
0.740669
0.806955
0.671664
0.621709
0.847403
0.88706
0.760864
0.696756
0.912381
0.893718
0.829119
0.75568
0.882974
0.995995
0.829229
0.739928
0.762349
0.87742
0.8178
0.808267
0.88784
0.774922
0.79829
0.787488
0.803466
0.81512
0.812975
0.833234
0.928046
0.864929
0.865424
0.938287
0.696812
0.643606
0.637119
0.66633
0.749204
0.547733
0.638626
0.890848
0.902403
0.775765
0.704217
0.892864
0.800828
0.708098
0.739365
0.783385
0.695661
0.64213
0.823349
0.801842
0.775719
0.808861
0.821264
0.772606
0.885833
0.964452
0.885608
0.858684
0.900381
0.850241
0.80368
0.811686
0.824172
0.74542
0.771156
0.714659
0.785186
0.685286
0.578607
0.670645
0.724462
0.565527
0.564929
0.640966
0.623008
0.537427
0.554911
0.574287
0.466622
0.459072
0.406086
0.428735
0.391262
0.427934
0.512128
0.588515
0.621637
0.619357
0.554104
0.560603
0.68054
0.625575
0.56498
0.646521
0.637616
0.591431
0.537402
0.583208
0.57219
0.558962
0.59791
0.643915
0.590477
0.623381
0.656719
0.74908
0.622651
0.604109
0.68698
0.684
0.539185
0.712334
0.645317
0.61021
0.575153
0.495839
0.482539
0.369301
0.322338
0.263909
0
0.255715
0.504763
0.466282
0.426761
0.444066
0.538796
0.590732
0.64065
0.602023
0.550923
0.548951
0.742905
0.618189
0.591882
0.715119
0.75959
0.598679
0.629892
0.727259
0.819469
0.654753
0.641
0.799067
0.707994
0.568521
0.424409
0.438081
0.592822
0.606711
0.557815
0.628609
0.622345
0.664403
0.729131
0.694197
0.772318
0.790505
0.751335
0.797422
0.865168
0.787536
0.852406
0.848701
0.856294
0.942448
0.86748
0.778969
0.873742
0.843252
0.709238
0.597604
0.640461
0.695368
0.474778
0.512683
0.454964
0.419426
0.399816
0.483512
0.457054
0.53752
0.447438
0.38113
0.531094
0.576585
0.497561
0.464297
0.556477
0.587506
0.603434
0.4328
0.458308
0.508707
0.535762
0.545348
0.623929
0.565653
0.547075
0.624562
0.627011
0.576199
0.743283
0.738367
0.796899
0.65354
0.791849
0.838315
0.728022
0.723136
0.77752
0.665825
0.652243
0.671055
0.605947
0.687276
0.47845
0.557815
0.763015
0.733175
0.667715
0.769571
0.638054
0.633254
0.531659
0.750292
0.589749
0.478664
0.502842
0.527663
0.508771
0.457415
0.468384
0.525798
0.528509
0.427232
0.613007
0.534211
0.462041
0.404453
0.359584
0.467894
0.566662
0.655014
0.617381
0.573293
0.61447
0.627896
0.656352
0.619257
0.590408
0.572395
0.65581
0.64058
0.579439
0.662038
0.676045
0.634628
0.651342
0.655644
0.575526
0.568846
0.732495
0.704524
0.575731
0.631623
0.733271
0.724489
0.65094
0.854899
0.742048
0.586287
0.74638
0.793526
0.686599
0.76083
0.644886
0.737057
0.756682
0.779606
0.604416
0.606711
0.800383
0.570554
0.51221
0.605182
0.615057
0.504689
0.517289
0.602499
0.55153
0.509408
0.531243
0.514065
0.524104
0.52003
0.438852
0.646093
0.62256
0.486611
0.554474
0.635146
0.522299
0.489614
0.681339
0.662623
0.506111
0.500865
0.599804
0.538153
0.465165
0.504418
0.572385
0.703924
0.828806
0.656083
0.687046
0.788856
0.8406
0.806328
0.707326
0.798738
0.754344
0.688669
0.749327
0.752467
0.732174
0.759684
0.751857
0.678225
0.711434
0.746334
0.676573
0.640658
0.70389
0.677202
0.633288
0.58149
0.609907
0.600575
0.644606
0.704234
0.533888
0.718607
0.668308
0.704578
0.638811
0.729469
0.749327
0.772209
0.640272
0.614641
0.589834
0.582426
0.700791
0.742215
0.730976
0.671492
0.747651
0.819245
0.768667
0.77265
0.827267
0.865117
0.735212
0.847514
0.926057
0.79413
0.752338
0.763015
0.74161
0.852485
0.807611
0.853384
0.969602
0.945012
0.929322
0.896711
0.753612
0.858274
0.78433
0.659769
0.736053
0.813131
0.748105
0.689851
0.736716
0.643527
0.609538
0.622824
0.612886
0.625959
0.621495
0.609149
0.510173
0.513846
0.515893
0.449212
0.541401
0.595494
0.549982
0.543383
0.636463
0.557252
0.633753
0.679101
0.641449
0.661364
0.748191
0.804829
0.761485
0.762405
0.792731
0.781294
0.680638
0.687276
0.725404
0.660126
0.659412
0.637347
0.619193
0.802297
0.684567
0.579807
0.692326
0.565181
0.614233
0.559762
0.638014
0.753137
0.700893
0.622583
0.769296
0.805219
0.753287
0.716928
0.773132
0.76885
0.710157
0.687973
0.549416
0.742282
0.753341
0.812393
0.775965
0.736898
0.559063
0.530801
0.688669
0.607474
0.641584
0.646464
0.580126
0.614054
0.765363
0.665483
0.615046
0.694489
0.732869
0.666
0.618683
0.732354
0.69799
0.655069
0.593532
0.590963
0.529807
0.562353
0.583278
0.522059
0.530673
0.555156
0.565743
0.49775
0.508699
0.629719
0.570927
0.711136
0.640561
0.533547
0.704748
0.570507
0.581607
0.701196
0.749083
0.703372
0.722028
0.778932
0.771603
0.725771
0.722759
0.788301
0.764353
0.78321
0.715693
0.74116
0.699835
0.626352
0.673276
0.494734
0.526836
0.622751
0.607552
0.479188
0.672936
0.637683
0.737556
0.776356
0.733705
0.479559
0.365251
0.38134
0.360172
0.542287
0.674346
0.429948
0.475079
0.69779
0.628194
0.564387
0.637428
0.680146
0.714379
0.686102
0.741476
0.73763
0.667659
0.719337
0.618609
0.669469
0.688828
0.688405
0.566777
0.576334
0.650463
0.532557
0.538481
0.498242
0.615315
0.661494
0.618974
0.689315
0.705336
0.640008
0.490757
0.310778
0.353109
0.479022
0.28451
0
0.238942
0.324956
0.368558
0.377305
0.602445
0.535701
0.522074
0.50833
0.673998
0.533688
0.54639
0.650292
0.662554
0.665717
0.571568
0.592354
0.65352
0.785701
0.602395
0.570545
0.712569
0.678301
0.50691
0.646491
0.754477
0.614
0.63909
0.523956
0.616611
0.613931
0.602844
0.798379
0.65776
0.544609
0.433949
0.330328
0.392145
0.503252
0.481713
0.292503
0
0.308336
0.375223
0.283133
0.321527
0.431144
0.432552
0.391629
0.347007
0.488847
0.483715
0.48116
0.453136
0.555517
0.505198
0.489785
0.562777
0.534803
0.500366
0.619296
0.56519
0.587625
0.753792
0.621462
0.704994
0.531901
0.514416
0.388509
0.505019
0.52091
0.488908
0.583571
0.506962
0.564311
0.51962
0.509316
0.499816
0.476461
0.509888
0.542914
0.518552
0.563009
0.617569
0.620125
0.626968
0.732714
0.565274
0.636375
0.709106
0.582617
0.539068
0.647002
0.645236
0.568116
0.544676
0.488389
0.540871
0.496116
0.49252
0.526961
0.521309
0.445228
0.515747
0.585072
0.547319
0.553201
0.719624
0.610199
0.614647
0.67263
0.686551
0.654772
0.640521
0.745059
0.620601
0.53605
0.632045
0.645597
0.49546
0.435877
0.419768
0.324819
0.405307
0.462108
0.491519
0.374846
0.382602
0.382206
0.361547
0.368099
0.434138
0.447375
0.458618
0.517893
0.670778
0.658797
0.595515
0.625115
0.532016
0.630412
0.649742
0.633369
0.516739
0.580527
0.573432
0.439234
0.523367
0.491806
0.422363
0.341465
0.374865
0.453654
0.337537
0.357023
0.422608
0.39064
0.343396
0.31586
0.348813
0.354601
0.33516
0.35705
0.24347
0.264911
0.322986
0.385367
0.41592
0.353946
0.596608
0.547684
0.444024
0.458222
0.629917
0.631283
0.712807
0.562476
0.642193
0.753645
0.827013
0.766262
0.771689
0.555962
0.529337
0.527189
0.595911
0.460171
0.537368
0.630537
0.542093
0.479817
0.690561
0.744616
0.570417
0.615908
0.670249
0.670421
0.548569
0.545143
0.584826
0.553305
0.553127
0.654826
0.703355
0.676043
0.727498
0.726414
0.687798
0.698644
0.748437
0.615311
0.541507
0.58915
0.687811
0.590775
0.615708
0.672061
0.517594
0.48755
0.513906
0.645884
0.467065
0.433975
0.615148
0.632746
0.472253
0.485752
0.644064
0.615368
0.618405
0.735905
0.85032
0.754687
0.80938
0.958827
0.802388
0.807521
0.848632
0.872309
0.823287
0.710245
0.864265
0.82696
0.673591
0.54612
0.482358
0.456074
0.586546
0.599244
0.546341
0.572124
0.64535
0.612919
0.558266
0.621562
0.737556
0.535504
0.484315
0.6696
0.572699
0.603763
0.677717
0.654809
0.619926
0.696439
0.700447
0.679338
0.702184
0.731199
0.653499
0.616413
0.596161
0.505631
0.515843
0.620749
0.622228
0.556975
0.522236
0.499071
0.49759
0.447189
0.453384
0.574148
0.494928
0.469004
0.566066
0.517801
0.516611
0.641509
0.708144
0.819153
0.862214
0.831276
0.955606
0.841238
0.833848
0.844356
0.845728
0.78825
0.780413
0.715408
0.7653
0.737387
0.769175
0.750641
0.682459
0.68918
0.615983
0.561008
0.502674
0.51473
0.63155
0.520485
0.612378
0.496022
0.494064
0.607054
0.549416
0.567705
0.870179
0.955814
0.765676
0.820723
0.778811
0.549416
0.507057
0.37339
0.609757
0.633253
0.774756
0.719762
0.522001
0.55893
0.60523
0.496547
0.453985
0.517213
0.461709
0.587719
0.547539
0.581511
0.714042
0.706965
0.639415
0.776965
0.777722
0.730605
0.71987
0.838932
0.81696
0.652605
0.695582
0.83842
0.709416
0.543643
0.60224
0.762866
0.682632
0.484914
0.427053
0.42194
0.42474
0.553933
0.684546
0.64717
0.595815
0.742596
0.790844
0.675455
0.640576
0.830536
0.909381
0.793796
0.721115
0.893453
0.903014
0.830536
0.713148
0.781243
0.881077
0.751335
0.724386
0.704234
0.88568
0.83213
0.789186
0.957894
0.805697
0.826281
0.820618
0.82569
0.781431
0.755747
0.862914
0.890727
0.810062
0.793664
0.842606
0.670084
0.614235
0.710044
0.657473
0.69876
0.618506
0.655319
0.856178
0.890637
0.819934
0.817914
0.916441
0.849483
0.79741
0.831534
0.892479
0.838067
0.779763
0.905439
0.889339
0.801587
0.844252
0.903738
0.84446
0.931985
0.949783
0.926314
0.927162
0.9129
0.891713
0.789557
0.792495
0.826352
0.739387
0.78221
0.740222
0.780919
0.6559
0.598537
0.675956
0.71938
0.5706
0.576436
0.6534
0.602402
0.55652
0.571619
0.595166
0.501688
0.479878
0.467395
0.472173
0.436213
0.443059
0.386919
0.444427
0.589844
0.609583
0.5898
0.56625
0.588967
0.706034
0.671373
0.592981
0.644671
0.669498
0.605399
0.548785
0.613701
0.577021
0.569724
0.600282
0.696994
0.637347
0.622238
0.672996
0.770506
0.599338
0.596256
0.703452
0.676445
0.546026
0.696369
0.66565
0.655399
0.589965
0.518422
0.504578
0.363657
0.291685
0.287093
0
0.260387
0.595238
0.48618
0.482988
0.447192
0.48955
0.573004
0.589767
0.578324
0.542015
0.571607
0.723965
0.610841
0.598214
0.752186
0.774934
0.669501
0.698584
0.781706
0.828072
0.673712
0.658565
0.746646
0.667821
0.543014
0.395588
0.426995
0.551108
0.579008
0.529471
0.587784
0.605182
0.621065
0.672551
0.69189
0.73116
0.769996
0.731836
0.791494
0.81293
0.792483
0.94076
0.8396
0.832031
0.945182
0.853137
0.788898
0.850029
0.790926
0.637792
0.605667
0.663363
0.671907
0.474993
0.571166
0.453127
0.364267
0.377654
0.452573
0.489975
0.556633
0.459847
0.401334
0.54888
0.549784
0.514126
0.460304
0.525788
0.550343
0.535691
0.418313
0.476053
0.509707
0.563077
0.519847
0.595707
0.568802
0.563731
0.594082
0.599171
0.557122
0.717234
0.68112
0.81104
0.679777
0.792884
0.850337
0.75349
0.733981
0.798531
0.709041
0.725743
0.700054
0.628959
0.718607
0.479998
0.566888
0.776627
0.73732
0.651098
0.732872
0.601703
0.61621
0.531744
0.698238
0.571416
0.455689
0.468782
0.567507
0.578406
0.491588
0.535301
0.531608
0.526604
0.44629
0.613578
0.535549
0.408729
0.377127
0.334864
0.425922
0.524621
0.567562
0.655748
0.582466
0.610084
0.630868
0.691866
0.624616
0.59408
0.599027
0.642053
0.621091
0.551671
0.684473
0.662653
0.608815
0.666141
0.653279
0.597922
0.598674
0.717583
0.708751
0.590978
0.620734
0.712785
0.683006
0.591038
0.813921
0.712825
0.522222
0.666334
0.793801
0.730062
0.84635
0.759142
0.869257
0.793142
0.792812
0.586153
0.628878
0.825959
0.60365
0.554054
0.684835
0.670785
0.561134
0.556982
0.641731
0.578209
0.51221
0.521393
0.507057
0.54129
0.507999
0.455799
0.624051
0.601345
0.461925
0.543873
0.61279
0.528581
0.485098
0.667245
0.643551
0.467368
0.512674
0.605351
0.561547
0.541276
0.579083
0.607986
0.770992
0.811677
0.669421
0.670235
0.803013
0.812661
0.7437
0.731836
0.81425
0.7342
0.696648
0.755012
0.735035
0.712122
0.733525
0.728115
0.683465
0.713535
0.706613
0.665261
0.655112
0.737572
0.717
0.599866
0.590838
0.623335
0.639038
0.658084
0.732638
0.561547
0.712122
0.675723
0.659913
0.588516
0.726421
0.737235
0.746204
0.625911
0.591619
0.595364
0.574052
0.696103
0.739416
0.735505
0.722349
0.776958
0.810513
0.790046
0.787866
0.844252
0.919856
0.765676
0.899317
0.963691
0.83021
0.77265
0.817121
0.753676
0.911702
0.856318
0.853384
0.917011
0.952154
0.88624
0.858783
0.679981
0.830919
0.721359
0.639748
0.738252
0.814239
0.760458
0.695135
0.7257
0.631213
0.577298
0.600957
0.608913
0.645451
0.62125
0.579736
0.555291
0.514479
0.526916
0.469773
0.551034
0.576169
0.564051
0.569636
0.658562
0.536035
0.592424
0.697113
0.64466
0.66286
0.740636
0.811998
0.763587
0.73847
0.785363
0.785459
0.70389
0.682389
0.724047
0.614679
0.658696
0.627767
0.641731
0.841891
0.70498
0.595547
0.688489
0.559079
0.627918
0.554173
0.624701
0.768709
0.708887
0.615963
0.8067
0.869069
0.840776
0.740265
0.783904
0.79493
0.712806
0.665114
0.515911
0.716562
0.721669
0.799396
0.72676
0.687625
0.526797
0.548992
0.668308
0.599804
0.675003
0.625143
0.54315
0.573782
0.726674
0.69516
0.639145
0.657324
0.741949
0.690904
0.614353
0.697549
0.732472
0.696416
0.613946
0.612728
0.604413
0.611532
0.597004
0.539404
0.548054
0.569229
0.588935
0.505535
0.568732
0.669622
0.656596
0.783784
0.635044
0.609412
0.739083
0.601346
0.619028
0.702103
0.801574
0.7472
0.777162
0.857827
0.794414
0.746657
0.766653
0.784375
0.755666
0.785754
0.704964
0.721166
0.704221
0.632025
0.662492
0.465247
0.482284
0.618651
0.651069
0.525053
0.731773
0.726752
0.794136
0.76686
0.775861
0.539394
0.43215
0.374037
0.357687
0.560338
0.738542
0.431058
0.48493
0.707604
0.64029
0.571225
0.670442
0.675046
0.713658
0.689523
0.750392
0.729383
0.651161
0.756225
0.646171
0.691608
0.684355
0.665448
0.569551
0.603279
0.662809
0.544533
0.533054
0.496167
0.632658
0.687238
0.636785
0.680291
0.725821
0.632077
0.547622
0.291168
0.367421
0.510346
0.308435
0
0.227262
0.323458
0.342427
0.382736
0.555206
0.48901
0.497792
0.505223
0.637925
0.526267
0.561638
0.639886
0.597342
0.676636
0.578919
0.588399
0.615317
0.748058
0.630174
0.587109
0.765974
0.700476
0.551753
0.687011
0.725549
0.598626
0.652078
0.508429
0.590052
0.673091
0.612804
0.745378
0.668925
0.561703
0.432577
0.309642
0.405384
0.503424
0.423256
0.280654
0
0.305699
0.396748
0.291122
0.344268
0.435007
0.443415
0.396369
0.34412
0.48056
0.51347
0.480144
0.443581
0.541036
0.512493
0.510067
0.570354
0.533421
0.522572
0.626572
0.577876
0.601626
0.725812
0.570642
0.641653
0.490335
0.439442
0.401571
0.606335
0.481364
0.480242
0.539614
0.525791
0.516792
0.501528
0.48888
0.531377
0.481795
0.497859
0.540474
0.514296
0.540152
0.598544
0.572452
0.597248
0.702822
0.598286
0.576131
0.643371
0.575386
0.535645
0.625107
0.629138
0.586277
0.552066
0.530396
0.529645
0.52765
0.504056
0.539859
0.538486
0.471226
0.517132
0.579555
0.53419
0.58632
0.69114
0.574043
0.565289
0.640627
0.64677
0.57162
0.585166
0.655682
0.536308
0.499812
0.575583
0.580895
0.462907
0.454224
0.417219
0.336034
0.389746
0.439779
0.510488
0.396394
0.374117
0.369209
0.356374
0.347553
0.454195
0.438225
0.483161
0.525867
0.611401
0.577047
0.550427
0.614497
0.578197
0.62198
0.636113
0.543059
0.470829
0.552012
0.556474
0.438587
0.543261
0.536507
0.437663
0.416757
0.332999
0.41302
0.342201
0.327267
0.42173
0.352333
0.425002
0.312884
0.325866
0.330424
0.325337
0.350331
0.254319
0.192542
0.304998
0.343437
0.453815
0.424103
0.496641
0.44865
0.4175
0.502595
0.62431
0.641898
0.675006
0.582318
0.634712
0.717093
0.875405
0.742219
0.735707
0.54565
0.488051
0.508827
0.625959
0.4552
0.499508
0.621865
0.590964
0.508434
0.709943
0.723084
0.569474
0.620631
0.701826
0.669058
0.572612
0.599195
0.604357
0.521846
0.53776
0.648392
0.671425
0.610271
0.653749
0.652343
0.619367
0.664615
0.70831
0.586164
0.530834
0.611795
0.674544
0.610917
0.603338
0.647663
0.536818
0.506667
0.525971
0.624242
0.479153
0.43278
0.605044
0.571864
0.448677
0.467489
0.605256
0.596334
0.616222
0.695518
0.76092
0.781416
0.816048
0.959373
0.771335
0.745041
0.87957
0.901775
0.759476
0.68354
0.869175
0.79126
0.650768
0.537003
0.514801
0.468316
0.600551
0.608896
0.582598
0.607792
0.623641
0.609213
0.575531
0.632383
0.731096
0.608022
0.564719
0.674864
0.560304
0.606497
0.683537
0.606746
0.557061
0.664758
0.673547
0.617289
0.658986
0.717979
0.606312
0.567739
0.547381
0.431108
0.434414
0.562606
0.55629
0.500759
0.4753
0.447561
0.43537
0.534544
0.449642
0.56015
0.500375
0.498036
0.616571
0.567863
0.483154
0.648638
0.712253
0.788283
0.832543
0.810376
0.948952
0.840248
0.836378
0.882374
0.859236
0.912775
0.859288
0.758173
0.854702
0.841183
0.806214
0.761139
0.716714
0.701055
0.595953
0.534519
0.476688
0.491747
0.675832
0.506111
0.650585
0.493081
0.502782
0.654035
0.571365
0.582592
0.836091
0.891825
0.672198
0.732174
0.75935
0.505638
0.400115
0.306903
0.64935
0.64246
0.795107
0.779392
0.551993
0.581826
0.572593
0.437866
0.446251
0.54848
0.457937
0.551472
0.546741
0.557406
0.759724
0.712556
0.658659
0.814752
0.848332
0.766679
0.726076
0.872134
0.856168
0.698121
0.716354
0.823826
0.733197
0.54932
0.608529
0.754551
0.68995
0.489229
0.488902
0.435894
0.426104
0.586382
0.700999
0.710723
0.642857
0.753758
0.808005
0.726647
0.702474
0.885298
0.9325
0.817532
0.763686
0.917459
0.907972
0.822687
0.789516
0.879123
0.958114
0.800383
0.696994
0.66689
0.88865
0.840402
0.765011
0.89169
0.772482
0.808867
0.817457
0.846555
0.867239
0.823642
0.839525
0.915237
0.879767
0.77953
0.839597
0.784841
0.679207
0.62374
0.653512
0.645697
0.566859
0.655113
0.732243
0.84364
0.757954
0.779335
0.886712
0.794131
0.715097
0.767265
0.784685
0.744115
0.684041
0.827726
0.812592
0.755834
0.793542
0.814097
0.789042
0.932788
1
0.911371
0.876849
0.918258
0.914951
0.850749
0.768148
0.840285
0.813569
0.837965
0.758015
0.80788
0.693229
0.617869
0.739183
0.719065
0.543422
0.58778
0.686966
0.595055
0.52687
0.543138
0.562177
0.524539
0.508926
0.455499
0.484592
0.458275
0.519574
0.435796
0.491283
0.578844
0.589889
0.60252
0.524909
0.512186
0.638367
0.556967
0.48321
0.539803
0.559352
0.487043
0.464877
0.526004
0.499872
0.482591
0.524328
0.601105
0.587059
0.546699
0.580889
0.680878
0.60757
0.591804
0.688705
0.668809
0.554451
0.693034
0.649584
0.604879
0.562607
0.465136
0.467937
0.379701
0.325567
0.269055
0
0.270711
0.592548
0.493829
0.45758
0.427065
0.5829
0.598975
0.630166
0.58498
0.590028
0.564322
0.733875
0.638533
0.596878
0.732392
0.770117
0.674909
0.651481
0.731492
0.829695
0.666048
0.653228
0.791824
0.67398
0.579008
0.447189
0.473229
0.618442
0.627383
0.574544
0.634091
0.633823
0.691797
0.728342
0.702088
0.811876
0.840336
0.79808
0.824323
0.857181
0.837071
0.906864
0.88093
0.856014
0.931321
0.869816
0.820893
0.901521
0.899784
0.750671
0.682663
0.685523
0.683204
0.501237
0.578639
0.467388
0.376219
0.389632
0.479536
0.505775
0.559477
0.466792
0.41039
0.501062
0.527078
0.557103
0.511406
0.596495
0.642441
0.630138
0.470498
0.492681
0.552301
0.601716
0.57838
0.634705
0.577485
0.562752
0.620213
0.618109
0.574426
0.719761
0.695772
0.8229
0.675097
0.758284
0.829819
0.745686
0.688877
0.752974
0.659769
0.657623
0.6472
0.613435
0.66298
0.517289
0.588123
0.772452
0.682047
0.638744
0.724023
0.595808
0.602191
0.558082
0.655799
0.542838
0.503023
0.507908
0.525656
0.480099
0.44374
0.459247
0.496593
0.505765
0.396774
0.609578
0.547127
0.432296
0.422294
0.352564
0.413634
0.532304
0.609101
0.629244
0.590272
0.646829
0.633432
0.5989
0.562572
0.553308
0.532218
0.612575
0.558057
0.517203
0.61039
0.651443
0.641319
0.636519
0.632971
0.590775
0.584139
0.761853
0.722918
0.584396
0.636082
0.739266
0.680989
0.636841
0.826286
0.698081
0.582234
0.707743
0.752733
0.643784
0.79482
0.67761
0.70595
0.722009
0.741273
0.586153
0.60365
0.808595
0.594769
0.590085
0.673257
0.680288
0.551108
0.559892
0.631096
0.579807
0.503737
0.539127
0.489614
0.504213
0.514527
0.458603
0.653676
0.618442
0.493081
0.55573
0.601345
0.522751
0.502782
0.66084
0.632203
0.484592
0.523654
0.595731
0.509414
0.510166
0.553062
0.521125
0.656564
0.785649
0.609995
0.669929
0.786876
0.821378
0.713399
0.710753
0.784895
0.718266
0.710753
0.745304
0.776298
0.688321
0.719288
0.746646
0.687027
0.69561
0.685219
0.644949
0.62277
0.63314
0.617682
0.553229
0.489018
0.456242
0.443155
0.580604
0.651466
0.525453
0.671139
0.667245
0.651286
0.609377
0.713148
0.729131
0.745063
0.602114
0.607918
0.636964
0.594211
0.689365
0.770245
0.761092
0.713831
0.760017
0.814041
0.75835
0.766674
0.82105
0.861207
0.718607
0.828902
0.885311
0.782913
0.720989
0.729131
0.693532
0.818093
0.820723
0.861859
0.914963
0.908442
0.908442
0.884659
0.709053
0.836417
0.777691
0.674093
0.745145
0.839033
0.765297
0.717276
0.774828
0.652846
0.634751
0.668414
0.659631
0.617008
0.583229
0.586828
0.516675
0.500016
0.486663
0.413073
0.577216
0.570941
0.548356
0.582524
0.608301
0.546839
0.624164
0.62967
0.583504
0.666061
0.688063
0.749816
0.713208
0.705575
0.748326
0.719201
0.684835
0.700446
0.713831
0.629988
0.659412
0.641002
0.619568
0.735431
0.658191
0.589693
0.658664
0.523563
0.575171
0.53052
0.589457
0.703002
0.667229
0.591907
0.764554
0.791115
0.760086
0.740017
0.779736
0.746079
0.713945
0.650434
0.508469
0.728454
0.756348
0.806693
0.741447
0.725743
0.568521
0.559063
0.703202
0.610517
0.663543
0.615002
0.522296
0.572383
0.706362
0.633247
0.609259
0.710081
0.676694
0.619301
0.589692
0.694588
0.656277
0.651383
0.595351
0.581536
0.531008
0.568131
0.594052
0.505458
0.49842
0.523544
0.565573
0.492594
0.473951
0.633644
0.566747
0.670649
0.623729
0.52664
0.700888
0.53029
0.554965
0.666895
0.721001
0.652841
0.739057
0.801456
0.767647
0.724903
0.700326
0.769706
0.707309
0.701794
0.698263
0.751082
0.697084
0.655497
0.634548
0.470608
0.501159
0.549134
0.593534
0.461446
0.64143
0.619381
0.722352
0.707866
0.759544
0.520035
0.350635
0.402732
0.379555
0.489669
0.654699
0.448459
0.497665
0.667184
0.627088
0.594299
0.625219
0.677007
0.700118
0.65476
0.721858
0.695052
0.619179
0.725025
0.578609
0.673665
0.717398
0.660419
0.516836
0.509075
0.600518
0.51585
0.517742
0.465257
0.547732
0.636454
0.596257
0.624576
0.560626
0.518373
0.460679
0.290133
0.389739
0.461741
0.316952
0
0.235353
0.351603
0.399168
0.409056
0.511523
0.464296
0.507068
0.501005
0.639094
0.503731
0.530314
0.575
0.586962
0.625928
0.477964
0.531747
0.58476
0.705856
0.543981
0.516724
0.714504
0.6455
0.484489
0.6127
0.707999
0.578348
0.616234
0.521332
0.579924
0.575255
0.570074
0.675453
0.597877
0.47469
0.409495
0.413782
0.404329
0.535641
0.495301
0.319864
0
0.296116
0.405948
0.298745
0.320983
0.409272
0.446617
0.412084
0.3662
0.463118
0.501161
0.424976
0.384739
0.453814
0.435208
0.424296
0.483502
0.482751
0.484287
0.573932
0.579756
0.569012
0.712687
0.59709
0.625744
0.508253
0.454731
0.442315
0.506379
0.500669
0.554869
0.671573
0.527008
0.585365
0.57818
0.590821
0.566745
0.536925
0.556505
0.58383
0.573533
0.581177
0.631865
0.611306
0.618117
0.66111
0.597806
0.60961
0.652602
0.532174
0.511862
0.617441
0.626578
0.497471
0.464774
0.455596
0.45123
0.470406
0.451773
0.518179
0.501584
0.427043
0.498043
0.535981
0.497251
0.535201
0.65515
0.570632
0.553436
0.634113
0.659887
0.576839
0.628753
0.681432
0.536497
0.488453
0.586573
0.568717
0.469992
0.424339
0.416413
0.307178
0.379167
0.422753
0.495956
0.372719
0.365499
0.345174
0.362359
0.363238
0.477349
0.461156
0.452646
0.53041
0.666839
0.607856
0.58571
0.64318
0.572846
0.626602
0.627812
0.578117
0.495703
0.569346
0.592219
0.458852
0.584391
0.537142
0.447413
0.440084
0.333276
0.410051
0.379542
0.342987
0.423161
0.390606
0.405748
0.365356
0.347552
0.342467
0.322092
0.387701
0.263938
0.258293
0.334605
0.354438
0.467218
0.460104
0.523869
0.509167
0.457882
0.607325
0.657911
0.713302
0.72493
0.610605
0.640468
0.710845
0.917748
0.816703
0.818375
0.602578
0.537868
0.554923
0.64737
0.474025
0.523608
0.651203
0.610019
0.480095
0.661001
0.7342
0.578966
0.604188
0.675479
0.67654
0.578626
0.548591
0.5743
0.534528
0.550613
0.659036
0.708362
0.620247
0.707672
0.737798
0.660662
0.611863
0.684139
0.566267
0.488683
0.571861
0.687348
0.590271
0.606659
0.668863
0.529597
0.480546
0.504493
0.619175
0.473273
0.462294
0.594434
0.618439
0.459093
0.493104
0.620044
0.627565
0.677509
0.781473
0.824921
0.759348
0.79743
0.954299
0.791998
0.788527
0.8271
0.858911
0.812713
0.665468
0.781118
0.775559
0.657727
0.545157
0.494715
0.490339
0.616717
0.613757
0.558636
0.611763
0.660692
0.646219
0.580347
0.64679
0.768397
0.571979
0.511307
0.725145
0.580769
0.59007
0.707361
0.589951
0.552826
0.710346
0.678424
0.598852
0.660581
0.716657
0.625354
0.605061
0.595418
0.456643
0.4579
0.579744
0.576647
0.556617
0.555419
0.526648
0.513432
0.51935
0.453393
0.566794
0.574495
0.560412
0.660838
0.593511
0.598073
0.741228
0.834053
0.92554
0.840776
0.854342
0.960774
0.891888
0.875902
0.860741
0.812553
0.826765
0.79569
0.71069
0.758784
0.800719
0.77385
0.682594
0.66708
0.711813
0.595465
0.572405
0.507285
0.504634
0.625888
0.475329
0.552902
0.454102
0.466289
0.57379
0.478967
0.506584
0.856318
0.944358
0.752338
0.829556
0.781921
0.525453
0.390929
0.285937
0.651516
0.660483
0.865867
0.763613
0.551114
0.633391
0.69044
0.547217
0.499432
0.612493
0.50282
0.638887
0.557522
0.550898
0.696637
0.745953
0.718136
0.814151
0.788676
0.724204
0.738252
0.850951
0.817695
0.692182
0.702973
0.79525
0.747333
0.592243
0.643763
0.802094
0.67721
0.499811
0.473188
0.426771
0.416224
