0.218848
0.265888
0.374522
0.31626
0.416576
0.355086
0.357247
0.496562
0.422268
0.434082
0.369575
0.500759
0.529044
0.399066
0.444252
0.433862
0.402716
0.560145
0.438951
0.521306
0.4775
0.79984
0.372119
0.261095
0.312104
0.193986
0
0.280633
0.474191
0.230021
0.183634
0.38511
0.373341
0.283545
0.30156
0.371943
0.203019
0.259867
0.376726
0.337412
0.331493
0.461868
0.487681
0.406136
0.459985
0.321196
0.430446
0.296354
0.286238
0
0.360845
0.53774
0.367368
0.458278
0.847848
0.776246
0.702721
0.79849
0.614242
1
0.713633
0.416762
0.56141
0.669578
0.532868
0.5619
0.72303
0.525318
0.539605
0.421869
0.439052
0.408267
0.313426
0.288614
0.431109
0.337741
0.46203
0.590903
0.349742
0.368104
0.475781
0.676502
0.517834
0.559234
0.450272
0.319027
0.435487
0.375731
0.292459
0.295096
0.272233
0.57245
0.450218
0.59631
0.483294
0.393562
0.476986
0.508361
0.404222
0.336749
0.302131
0.237195
0.288325
0.241677
0.226957
0.258444
0.223978
0.166298
0.173745
0.159112
0.253988
0.160273
0
0
0.18772
0.336026
0.202813
0.180138
0.168896
0.204428
0.199059
0.243749
0.265624
0.316934
0.27189
0.299667
0.42816
0.40928
0.380188
0.363844
0.432557
0.343208
0.377375
0.430847
0.361821
0.358121
0.297392
0.345352
0.251062
0.282449
0.325955
0.297404
0.294056
0.366529
0.369224
0.326547
0.354883
0.507995
0.514873
0.399645
0.457891
0.470676
0.458121
0.488396
0.551981
0.399478
0.393363
0.378013
0.362059
0.357767
0.493907
0.490003
0.354635
0.428307
0.358219
0.368233
0.315444
0.198174
0.24139
0.301805
0.309323
0.229066
0.25497
0.266279
0.401172
0.328549
0.284146
0.313711
0.339525
0.384489
0.256423
0.264713
0.287825
0.418003
0.379504
0.370749
0.345715
0.266731
0.24153
0.216251
0.227306
0.21051
0.187689
0.197195
0.232705
0.255119
0.213342
0.229655
0.265328
0.268194
0.237974
0.241415
0.286462
0.275499
0.239873
0.270917
0.268449
0.253885
0.229293
0.268402
0.274587
0.302933
0.279894
0.278153
0.295842
0.300903
0.315525
0.352955
0.275891
0.287818
0.339613
0.274602
0.321054
0.248842
0.216442
0.281407
0.300673
0.236281
0.269107
0.289849
0.243185
0.257461
0.304928
0.285682
0.248824
0.274587
0.302462
0.267089
0.288794
0.278125
0.281167
0.292632
0.310839
0.340729
0.318562
0.285529
0.291265
0.3715
0.314807
0.295371
0.282706
0.266129
0.310319
0.308299
0.260048
0.226433
0.247522
0.303606
0.30011
0.306167
0.294924
0.333314
0.308124
0.30453
0.238012
0.270799
0.269153
0.230694
0.220832
0.277246
0.307251
0.263472
0.263595
0.270717
0.300708
0.279694
0.286232
0.303489
0.294449
0.290024
0.25692
0.268837
0.230774
0.274852
0.274214
0.218617
0.220865
0.231222
0.223108
0.145421
0.194331
0.308705
0.246863
0.248531
0.198742
0.236164
0.233119
0.229862
0.218902
0.23037
0.227222
0.25378
0.218257
0.2596
0.234851
0.274637
0.210721
0.28082
0.213291
0.206504
0.18637
0.201382
0.242924
0.211418
0.253723
0.19855
0.183352
0.207835
0.200504
0.245515
0.206295
0.196092
0.25162
0.219649
0.25459
0.250391
0.249299
0.260965
0.279908
0.256539
0.248807
0.2814
0.288666
0.228384
0.246145
0.288212
0.249137
0.231991
0.271224
0.263146
0.204248
0.209696
0.267124
0.208458
0.216989
0.238226
0.21136
0.253324
0.267941
0.225777
0.230872
0.211439
0.19357
0.198897
0.240331
0.184644
0.179481
0.199697
0.215421
0.219607
0.210881
0.211855
0.168631
0.21313
0.219056
0.205305
0.141192
0.273035
0.267532
0.426224
0.249657
0.328686
0.367461
0.28714
0.272982
0.364055
0.445869
0.390987
0.361181
0.308724
0.38121
0.48125
0.378191
0.616903
0.32279
0.418982
0.166464
0.181598
0.230452
0.36911
0.267143
0.299652
0.326907
0.381683
0.298804
0.274922
0.399201
0.28996
0.391409
0.407738
0.354112
0.270278
0.334035
0.354417
0.280602
0.37148
0.174695
0.145508
0.187895
0.246942
0.336706
0
0.246013
0.367655
0.442138
0.516032
0.581301
0.602083
0.706426
0.808023
0.726993
0.896519
0.884981
0.732107
0.61933
0.780245
0.846818
0.571322
0.471073
0.567505
0.38628
0.31709
0.268452
0.255719
0.318684
0.424072
0.496779
0.362019
0.394066
0.342934
0.324765
0.186323
0
0.114486
0.295737
0.284689
0.312577
0.443551
0.543519
0.4905
0.643803
0.518564
0.517769
0.441684
0.51528
0.655742
0.456432
0.301477
0.370773
0.314563
0.486566
0.408912
0.467626
0.417078
0.365114
0.305756
0.201453
0.222901
0.135714
0
0.165312
0
0.241746
0.143376
0.134139
0
0.246394
0.255436
0.217468
0.237807
0.224668
0.180072
0.169112
0.192266
0.165634
0.263475
0.187336
0.179182
0.161605
0.24234
0.18121
0.423206
0.22399
0.149048
0.196221
0.301246
0.264197
0.394719
0.389378
0.397166
0.458373
0.338231
0.421199
0.228233
0.233629
0.335009
0.264114
0.222361
0.258222
0.192325
0.252556
0.21079
0.235398
0.236039
0.241726
0.257209
0.304865
0.270969
0.244585
0.309174
0.310518
0.246184
0.2855
0.239235
0.243119
0.359902
0.365854
0.318437
0.346589
0.346389
0.341092
0.408957
0.398835
0.345938
0.30607
0.187898
0.247649
0.152886
0.155351
0.168812
0.167177
0.190634
0.241343
0.3027
0.30245
0.220079
0.238281
0.191111
0.198179
0.23411
0.271642
0.223073
0.192936
0.183169
0.169485
0.19849
0.177287
0.14096
0.114192
0.106417
0.161653
0.190983
0.224144
0.262998
0.347616
0.302307
0.381435
0.342456
0.343349
0.463913
0.391517
0.406698
0.350544
0.443416
0.444666
0.372164
0.409321
0.418069
0.37253
0.512908
0.417602
0.457719
0.432956
0.730138
0.367469
0.290881
0.334129
0.253661
0
0.262134
0.517395
0.245101
0.208766
0.401958
0.365069
0.274832
0.300671
0.342863
0.193362
0.268224
0.374865
0.319139
0.313392
0.408069
0.437161
0.399779
0.442122
0.296269
0.460307
0.362208
0.314423
0
0.340564
0.528506
0.365644
0.427374
0.87487
0.77723
0.639519
0.689035
0.593581
0.927421
0.670823
0.3924
0.518261
0.588243
0.482275
0.51195
0.672245
0.492189
0.514879
0.437018
0.481306
0.357381
0.316191
0.308755
0.34679
0.306889
0.456223
0.497533
0.335987
0.348579
0.485977
0.735199
0.546182
0.539979
0.517297
0.325233
0.414799
0.3992
0.353368
0.289537
0.255995
0.518924
0.44309
0.587465
0.49656
0.405349
0.455783
0.508484
0.412181
0.368537
0.286371
0.215152
0.261118
0.23192
0.227427
0.262835
0.22
0.170291
0.189077
0.161282
0.22603
0.146152
0
0
0.198528
0.286471
0.203983
0.173484
0.17836
0.220244
0.230632
0.245636
0.253355
0.307529
0.277361
0.315106
0.410924
0.406964
0.367998
0.375057
0.438936
0.368023
0.403263
0.3882
0.347615
0.336525
0.291904
0.362033
0.273235
0.297732
0.338374
0.308731
0.307156
0.381128
0.397753
0.352009
0.367207
0.49293
0.474365
0.416533
0.480904
0.486434
0.472409
0.500069
0.569827
0.397284
0.405576
0.390774
0.360781
0.374756
0.510883
0.486676
0.331079
0.464652
0.36492
0.378355
0.324356
0.201531
0.242241
0.321137
0.300541
0.229892
0.264497
0.259662
0.37387
0.309869
0.281917
0.306023
0.331499
0.364276
0.257988
0.262705
0.275391
0.419862
0.410839
0.384031
0.371967
0.281189
0.261169
0.223329
0.219678
0.205329
0.180969
0.191597
0.224332
0.248164
0.209696
0.224704
0.265225
0.26353
0.233238
0.235181
0.281078
0.269376
0.225446
0.24413
0.245811
0.215327
0.218451
0.250291
0.235787
0.254997
0.270246
0.27346
0.283699
0.272092
0.310254
0.347774
0.272947
0.285571
0.338245
0.266233
0.316803
0.242101
0.210962
0.279248
0.290378
0.227059
0.276632
0.290928
0.235929
0.252952
0.306089
0.284127
0.250987
0.266276
0.298892
0.270126
0.288396
0.272874
0.282599
0.297664
0.306543
0.325197
0.304175
0.262567
0.268602
0.371974
0.323199
0.30089
0.286624
0.271655
0.298758
0.308717
0.262136
0.229325
0.251766
0.305869
0.310038
0.303458
0.295283
0.301696
0.294412
0.29546
0.222526
0.252485
0.271588
0.234985
0.213852
0.257536
0.296528
0.25441
0.253139
0.278216
0.281413
0.252049
0.253984
0.271753
0.256892
0.265883
0.229711
0.274207
0.232065
0.282142
0.287231
0.232709
0.233481
0.21435
0.23057
0.152712
0.205896
0.297609
0.23079
0.215315
0.180832
0.228987
0.228308
0.211809
0.197272
0.199549
0.186098
0.200908
0.195053
0.218293
0.198267
0.259623
0.216539
0.272799
0.223391
0.203326
0.187325
0.208424
0.242215
0.212158
0.240217
0.202957
0.185673
0.201433
0.192551
0.234123
0.203574
0.194193
0.244964
0.218954
0.253853
0.263287
0.266673
0.25679
0.291044
0.27515
0.258712
0.28834
0.285847
0.226185
0.23884
0.283916
0.248144
0.226554
0.253885
0.256469
0.194199
0.194898
0.258233
0.176843
0.215918
0.233856
0.219798
0.26947
0.274716
0.214092
0.224505
0.206803
0.182448
0.180423
0.225529
0.168459
0.173201
0.208128
0.226908
0.228052
0.222966
0.225918
0.176814
0.224166
0.19456
0.194682
0.143546
0.270175
0.252606
0.370762
0.228196
0.31158
0.373831
0.300801
0.261431
0.34089
0.422965
0.36334
0.339257
0.295926
0.358481
0.465932
0.362068
0.550732
0.344786
0.414258
0.168986
0.187724
0.313113
0.3908
0.285798
0.296977
0.323725
0.402272
0.314578
0.259826
0.364429
0.279427
0.407074
0.396858
0.333061
0.252595
0.297341
0.312594
0.297448
0.335393
0.161197
0.153738
0.184899
0.231035
0.283504
0
0.299294
0.345267
0.417411
0.44296
0.54151
0.576373
0.680397
0.734679
0.698628
0.885649
0.86523
0.605615
0.558267
0.718948
0.747141
0.510598
0.449555
0.503404
0.375212
0.301773
0.250594
0.251349
0.327424
0.419285
0.514064
0.34938
0.340631
0.327008
0.291929
0.169232
0
0.119581
0.283886
0.277032
0.279938
0.460217
0.567641
0.45177
0.640907
0.557057
0.516881
0.464854
0.508857
0.630556
0.467168
0.304166
0.377785
0.317038
0.482658
0.387819
0.434609
0.387711
0.320452
0.267444
0.172281
0.220971
0.135714
0
0.151389
0
0.218858
0.137955
0.135397
0
0.211355
0.218196
0.172582
0.191123
0.199323
0.162792
0.139717
0.163328
0.183009
0.228038
0.160873
0.19233
0.175143
0.215292
0.170678
0.352138
0.221974
0.148599
0.205567
0.311555
0.252939
0.379924
0.385474
0.359998
0.463379
0.309718
0.399638
0.20682
0.203493
0.28415
0.247071
0.213159
0.255679
0.199078
0.271726
0.233498
0.243671
0.244067
0.242629
0.273732
0.3146
0.270074
0.23809
0.309735
0.294992
0.242225
0.284094
0.243792
0.251941
0.350896
0.348492
0.318042
0.330884
0.327435
0.31699
0.395857
0.351181
0.302482
0.299431
0.197741
0.266593
0.159156
0.158852
0.17001
0.144518
0.167314
0.23067
0.296067
0.315643
0.221562
0.231363
0.190471
0.19658
0.232113
0.263751
0.192212
0.179668
0.18892
0.189843
0.191192
0.17265
0.136476
0.106326
0.105111
0.148576
0.175841
