0.508048
0.57349
0.616058
0.680029
0.686171
0.725008
0.676374
0.743973
0.692877
0.689978
0.653219
0.705115
0.69869
0.613655
0.594845
0.557659
0.526097
0.595884
0.522667
0.485815
0.470996
0.472544
0.558639
0.515624
0.466256
0.469433
0.576555
0.52496
0.519177
0.487224
0.500699
0.49138
0.508312
0.594181
0.544531
0.564437
0.664013
0.697397
0.60757
0.605412
0.652614
0.582117
0.568845
0.655043
0.541021
0.591294
0.511742
0.620497
0.534576
0.53804
0.492743
0.466256
0.413745
0.481514
0.538205
0.623457
0.592672
0.627512
0.509012
0.439022
0.511357
0.680241
0.660173
0.756618
0.862842
0.850447
0.812128
0.787198
0.810844
0.885652
0.846722
0.846874
0.919006
0.869416
0.630385
0.647034
0.658089
0.737726
0.85949
0.706717
0.770414
0.782171
0.772602
0.667453
0.716905
0.641481
0.644307
0.647728
0.606775
0.594202
0.795874
0.821666
0.736654
0.635062
0.791147
0.717923
0.634986
0.667065
0.766828
0.720194
0.663132
0.784755
0.812162
0.831783
0.819002
0.866259
0.7656
0.827353
0.68874
0.640022
0.605844
0.558076
0.574971
0.493483
0.337398
0
0.357666
0.353722
0.312806
0.378456
0.404933
0.481891
0.548295
0.676643
0.776224
0.830705
0.789264
0.803683
0.794307
0.681153
0.751721
0.715085
0.751897
0.854872
0.798077
0.58412
0.846824
0.45945
0.635891
0.769048
0.71994
0.705463
0.866387
0.701489
0.738379
0.755664
0.873729
0.660128
0.699515
0.828973
0.859243
0.832479
1
0.935401
0.861098
0.879606
0.916182
0.804092
0.700335
0.732928
0.726341
0.751273
0.706017
0.664984
0.571413
0.535697
0.613352
0.585918
0.717505
0.635748
0.668392
0.543262
0.527175
0.696532
0.781317
0.395214
0.537288
0.455845
0.425683
0.385485
0
0.494616
0.733216
0.569095
0.65429
0.420064
0.626919
0.637226
0.821561
0.778862
0.602143
0.556109
0.607128
0.443585
0.44023
0.49453
0.638574
0.780387
0.881894
0.779659
0.671507
0.558809
0.617955
0.566363
0.728058
0.553668
0.695519
0.634533
0.687682
0.373293
0.401422
0.433929
0.437478
0.400015
0.409963
0.428685
0.440611
0.284968
0.268107
0.298234
0.463505
0.525894
0.650116
0.56352
0.655823
0.591786
0.643087
0.610621
0.642162
0.537315
0.750542
0.787205
0.842485
0.964477
0.774925
0.845333
0.993762
0.988787
0.932765
0.882006
0.889089
0.882501
0.974378
0.881211
0.92824
0.916135
0.941634
0.828623
0.776615
0.892921
0.922587
0.820218
0.71902
0.769704
0.800674
0.701678
0.635335
0.732629
0.865507
0.786077
0.708613
0.836375
0.836317
0.680952
0.745267
0.857617
0.839918
0.629393
0.546759
0.683934
0.583606
0.488574
0.35055
0.390969
0.468339
0.628814
0.519071
0.46593
0.360365
0.299961
0.427303
0.467848
0.443431
0.320823
0.410673
0.518892
0.500246
0.626247
0.655576
0.790127
0.743835
0.610146
0.618042
0.676156
0.728216
0.646617
0.664779
0.549913
0.588765
0.4096
0.353884
0.400124
0.444035
0.612107
0.528677
0.628815
0.652567
0.658972
0.639479
0.642405
0.48748
0.577279
0.53383
0.31791
0
0.240188
0.226718
0.218614
0.408746
0.48318
0.616225
0.609255
0.676803
0.708552
0.70791
0.675957
0.722967
0.684336
0.686187
0.686593
0.716352
0.717299
0.592712
0.547572
0.565879
0.571962
0.620335
0.530581
0.532788
0.498087
0.514425
0.61955
0.591607
0.519177
0.515624
0.580173
0.538205
0.554694
0.50581
0.487224
0.488621
0.548651
0.601767
0.581963
0.564437
0.703632
0.685346
0.620266
0.661143
0.690633
0.589609
0.59259
0.675188
0.559157
0.638484
0.584778
0.619585
0.585672
0.571033
0.537132
0.443654
0.408746
0.536054
0.56539
0.633406
0.626134
0.636238
0.528013
0.473997
0.493776
0.703071
0.610077
0.728003
0.837202
0.790045
0.75422
0.769786
0.803831
0.928828
0.73888
0.717049
0.84303
0.715193
0.634967
0.651549
0.625745
0.715091
0.732709
0.664989
0.754562
0.739895
0.708182
0.716562
0.793318
0.647969
0.659358
0.722632
0.607398
0.609578
0.822038
0.784056
0.709145
0.655335
0.749668
0.682861
0.612449
0.595863
0.681022
0.682938
0.649005
0.735971
0.794862
0.757755
0.78243
0.784745
0.760681
0.805355
0.746555
0.670402
0.64467
0.567394
0.542149
0.478833
0.326473
0
0.308543
0.333691
0.340313
0.351289
0.435562
0.554244
0.575914
0.686679
0.780977
0.816122
0.757759
0.780503
0.759237
0.835497
0.655025
0.652769
0.712451
0.878465
0.807207
0.530272
0.785558
0.515142
0.671791
0.648377
0.798033
0.828894
0.843102
0.734933
0.763733
0.748655
0.815179
0.692676
0.679786
0.835244
0.901744
0.869337
0.921976
0.859734
0.784659
0.816405
0.805877
0.793149
0.65064
0.681128
0.64368
0.733129
0.606774
0.613202
0.495266
0.394986
0.533434
0.574151
0.660532
0.59551
0.539665
0.418482
0.430245
0.628929
0.688461
0.373479
0.419893
0.433847
0.41236
0.362348
0
0.489881
0.70394
0.654179
0.705316
0.375721
0.568558
0.563514
0.696514
0.739599
0.71977
0.465099
0.668065
0.476483
0.355575
0.378427
0.536954
0.728221
0.893289
0.763937
0.59957
0.521426
0.630489
0.713256
0.645499
0.504415
0.652229
0.62389
0.648582
0.469997
0.408628
0.460586
0.453266
0.328467
0.382
0.407806
0.390835
0.241638
0.238777
0.286149
0.457223
0.485874
0.572784
0.525384
0.614046
0.50257
0.573804
0.572305
0.52352
0.4964
0.604136
0.645788
0.783905
0.913456
0.795725
0.880052
0.900241
0.930418
0.872423
0.827812
0.791894
0.731372
0.891669
0.822114
0.850381
0.871228
0.907706
0.83023
0.731566
0.822965
0.824158
0.794124
0.735494
0.763062
0.762391
0.754336
0.6547
0.717135
0.823419
0.722924
0.662448
0.718684
0.695994
0.568305
0.566529
0.727783
0.662268
0.582393
0.458961
0.506362
0.390794
0.338729
0.307506
0.474354
0.350616
0.41736
0.360509
0.331735
0.336599
0.285624
0.32957
0.311422
0.254077
0.230692
0.253206
0.327072
0.427998
0.483926
0.523315
0.690997
0.721639
0.592752
0.61649
0.692151
0.678551
0.47086
0.461508
0.357224
0.353371
0.305038
0.295446
0.33938
0.381374
0.416049
0.442133
0.45454
0.459994
0.521536
0.511047
0.378952
0.274842
0.570385
0.401344
0.262751
0
0.211673
