0.289928
0.296621
0.334815
0.332092
0.36416
0.31159
0.33464
0.305432
0.3073
0.347292
0.403347
0.385754
0.369371
0.40609
0.391131
0.413997
0.428575
0.425694
0.419173
0.513566
0.470987
0.435031
0.467739
0.626
0.542601
0.521925
0.612526
0.664438
0.626652
0.656897
0.745634
0.679022
0.590472
0.70427
0.643517
0.810881
0.756479
0.719876
0.627542
0.80293
0.436268
0.445698
0.362619
0.336592
0.410094
0.45141
0.398528
0.302217
0.379994
0.312992
0.211075
0
0
0.331793
0.373799
0.481258
0.549996
0.589304
0.535969
0.491392
0.616415
0.632886
0.519636
0.434866
0.442075
0.627021
0.500906
0.535227
0.419575
0.395233
0.465605
0.482925
0.561279
0.495357
0.590644
0.677216
0.642308
0.739146
0.97338
0.894806
0.756184
0.812404
0.768687
0.789571
0.719607
0.77139
0.720873
0.654244
0.676647
0.702069
0.608715
0.521211
0.528941
0.471881
0.446356
0.413894
0.610012
0.426156
0.455806
0.332251
0.398905
0.527503
0.596167
0.55486
0.649276
0.723007
0.827248
0.680769
0.682028
0.752433
0.816105
0.738617
0.736818
0.858427
0.74618
0.720799
0.804273
0.751507
0.67535
0.686783
0.754402
0.704758
0.57988
0.608616
0.585083
0.492067
0.42438
0.398945
0.362709
0.492067
0.423516
0.460463
0.472153
0.494536
0.49804
0.63901
0.719059
0.610848
0.564945
0.641551
0.771347
0.597257
0.620655
0.755808
0.799297
0.590966
0.671864
0.869428
0.716714
0.574488
0.576509
0.646759
0.523085
0.609578
0.571921
0.558356
0.499446
0.464989
0.523654
0.404733
0.417419
0.397408
0.403713
0.429855
0.433582
0.442426
0.498486
0.342361
0.588068
0.515875
0.634924
0.676603
0.766016
0.708327
0.618271
0.643409
0.750304
0.784852
0.763495
0.909534
0.872268
0.931171
0.781496
0.743488
0.905161
0.757865
0.694665
0.587115
0.75034
0.582579
0.517604
0.532074
0.601611
0.479425
0.472589
0.49478
0.509405
0.421828
0.429845
0.482602
0.504969
0.504015
0.450363
0.385057
0.371465
0.45087
0.274925
0.436852
0.671238
0.748917
0.68275
0.739047
0.752099
0.649528
0.65743
0.748336
0.755625
0.834523
0.718769
0.710444
0.621969
0.768626
0.777787
0.864976
0.914725
0.841398
0.876123
0.984961
0.871736
0.80416
0.846511
0.941573
0.738658
0.730783
0.563103
0.559732
0.568917
0.5594
0.48564
0.3809
0.495509
0.621033
0.724658
0.750424
0.733836
0.757623
0.663714
0.786323
0.770807
0.768327
0.57544
0.600883
0.622819
0.564873
0.598468
0.490863
0.560422
0.579442
0.533013
0.591258
0.476748
0
0.342877
0
0.786348
0
0.590914
0.29336
0.256457
0.388434
0.432403
0.343804
0.365648
0.324999
0.335329
0.33543
0.376781
0.39801
0.377113
0.473981
0.406482
0.379682
0.406317
0.311207
0
0.515303
0.47874
0.73512
0.746308
0.802854
0.696661
0.780901
0.714352
0.806066
0.922804
0.801371
0.826046
0.912377
0.846782
0.808827
0.692164
0.505092
0.481548
0.454689
0.469449
0.687622
0.615042
0.554138
0.586328
0.688757
0.757931
0.614262
0.657148
0.752947
0.710656
0.591454
0.639233
0.789921
0.609561
0.511325
0.787295
0.684858
0.825413
0.666722
0.696627
0.74069
0.649769
0.674816
0.619725
0.52456
0.475674
0.535453
0.462285
0.407208
0.399207
0.474332
0.516788
0.459666
0.415818
0.409285
0.440443
0.417607
0.562844
0.566695
0.449465
0.416041
0.578193
0.593433
0.638693
0.440746
0.474999
0.4463
0.467359
0.423414
0.409138
0.431483
0.474074
0.435873
0.417924
0.477399
0.473337
0.429021
0.421808
0.472377
0.397841
0.392095
0.384596
0.411128
0.446764
0.282322
0.565839
0.52407
0.60234
0.589491
0.833001
0.707909
0.677013
0.833774
0.722058
0.815788
0.934804
0.780546
0.737253
0.880935
0.813051
0.692765
0.634027
0.647194
0.798177
0.76187
0.602102
0.649456
0.709561
0.720741
0.590626
0.578968
0.7589
0.593187
0.560467
0.561876
0.630716
0.450496
0.515365
0.72944
0.548772
0.456681
0.498531
0.633331
0.563793
0.511628
0.353908
0.643606
0.51214
0.534198
0
0.548412
0.61757
0.534862
0.473735
0
0.193487
0.50165
0.450719
0.37675
0.524248
0.679502
0.603861
0.461763
0.55902
0.781297
0.610352
0.52732
0.622109
0.707612
0.552876
0.531004
0.707276
0.61974
0.668086
0.809198
0.757606
0.64321
0.550666
0.52941
0.523744
0.751078
0.589286
0.545588
0.68211
0.800555
0.642447
0.615939
0.607442
0.484537
0.507206
0.523847
0.429529
0.54118
0.526969
0.505709
0.672243
0.619392
0.649233
0.896163
0.738174
0.583791
0.790383
0.822194
0.743616
0.870041
0.809264
0.677021
0.637087
0.683171
0.428811
0.555866
0.526462
0.622492
0.642243
0.708905
0.518703
0.570994
0.45354
0.641551
0.501151
0.471812
0.643183
0.534411
0.50996
0.654688
0.736516
0.801572
0.770135
0.879056
1
0.791823
0.755645
0.953977
0.878878
0.859295
0.875034
0.787688
0.695078
0.672865
0.856937
0.720132
0.665201
0.748147
0.646304
0.760837
0.530112
0.595746
0.427575
0.497403
0.381062
0.405027
0.440874
0.433952
0.428391
0.450258
0.422617
0.416147
0.43861
0.320801
0.346823
0.41906
0.364436
0.305758
0.329312
0.315757
0.311026
0.301087
0.370758
0.345187
0.393919
0.369616
0.395411
0.42914
0.40119
0.420613
0.347744
0.348565
0.321647
0.320348
0.370228
0.409009
0.43065
0.427581
0.425584
0.371762
0.461269
0.186179
0.205318
0
0.280721
0.372623
0.367823
0.342866
0.344591
0.357263
0.312676
0.242646
0.225959
