0.615037
0.696883
0.595242
0.646269
0.523374
0.523374
0.550323
0.580497
0.725874
0.751945
0.843619
0.7295
0.643641
0.696883
0.781901
0.755244
0.877555
0.802287
0.766505
0.842354
0.746925
0.736604
0.890196
0.876388
0.758506
0.816135
0.932522
0.875218
0.810661
0.935762
0.960953
0.904708
0.853599
0.963455
0.912346
0.852365
0.92651
0.946916
0.829472
0.856057
0.736604
0.750281
0.870507
0.904708
0.910176
0.931479
0.911262
0.896948
0.792251
0.778882
0.738351
0.870507
0.929387
0.817491
0.753599
0.907996
0.856057
0.751945
0.718468
0.865744
0.700954
0.638271
0.666116
0.658903
0.777362
0.763331
0.702964
0.6119
0.838773
0.736604
0.790792
0.772653
0.753599
0.824195
0.817902
0.85483
0.816978
0.829472
0.776983
0.770732
0.746915
0.626164
0.698773
0.69784
0.53912
0.496497
0.493002
0.535882
0.554422
0.580521
0.631998
0.734866
0.88438
0.901499
0.883219
0.896123
0.792251
0.795214
0.88452
0.895323
0.808577
0.909363
0.867617
0.861005
0.848862
0.864225
0.829511
0.797694
0.785124
0.62311
0.751542
0.581612
0.759796
0.748986
0.737037
0.89991
0.868135
0.889061
0.793627
0.800871
0.854748
0.865067
0.796133
0.799449
0.884179
0.824004
0.811758
0.820187
0.889151
0.878482
0.888193
0.886783
0.940061
0.962931
0.682037
0.714682
0.885639
0.853599
0.870507
0.950961
0.994523
0.936954
0.971247
0.944928
0.937254
0.90168
0.856642
0.901183
0.929387
0.869321
0.95297
0.880112
0.880117
0.963579
0.872333
0.946283
0.924179
0.919347
0.846179
0.91193
1
0.959633
0.889303
0.927911
0.878138
0.843001
0.924231
0.987522
0.926038
0.966479
0.912946
0.918954
0.891131
0.94038
0.913439
0.996418
0.965886
0.862137
0.8585
0.949456
0.948942
0.847391
0.875218
0.926858
0.877555
0.725874
0.7834
0.751945
0.898187
0.891112
0.869441
0.869504
0.854379
0.873969
0.909172
0.880243
0.925313
0.911262
0.84864
0.679834
0.618116
0.706933
0.540255
0.478775
0.523374
0.778882
0.73275
0.709556
0.712768
0.784702
0.876175
0.858241
0.768188
0.779774
0.788723
0.787919
0.736318
0.802322
0.78918
0.787979
0.803616
0.820646
0.92984
0.851074
0.793257
0.885378
0.785518
0.771006
0.786148
0.868498
0.837093
0.752758
0.68716
0.755979
0.653086
0.658953
0.579113
0.638254
0.747446
0.779723
0.799478
0.87235
0.739753
0.654057
0.719998
0.846777
0.777721
0.648417
0.758872
0.89179
0.852729
0.793485
0.870165
0.936246
0.859374
0.828061
0.868407
0.881648
0.836397
0.814192
0.728011
0.722799
0.647566
0.549176
0.695842
0.610594
0.683534
0.689569
0.675945
0.808825
0.777394
0.761602
0.793161
0.79235
0.777846
0.735936
0.895179
0.892463
0.882763
0.789513
0.711452
0.666243
0.632006
0.530179
0.434354
0.463314
0.343387
0
0.316128
0.48202
0.530225
0.413452
0.518309
0.602775
0.656352
0.534802
0.528608
0.599052
0.669508
0.72012
0.684644
0.732936
0.807401
0.654415
0.639737
0.79701
0.731092
0.753243
0.727986
0.70518
0.63794
0.734755
0.781878
0.912568
0.761832
0.790303
0.920286
0.854838
0.8051
0.846138
0.902482
0.849363
0.880331
0.794668
0.776201
0.918824
0.798194
0.801034
0.809082
0.869466
0.889809
0.733883
0.742935
0.725645
0.74593
0.721449
0.700698
0.575279
0.57222
0.530616
0.543376
0.50278
0.499404
0.478785
0.498591
0.623423
0.496472
0.577307
0.614166
0.680364
0.683382
0.638028
0.831116
0.852564
0.831893
0.846208
0.775407
0.827999
0.751431
0.821167
0.807527
0.800871
0.784892
0.7295
0.763331
0.786377
0.802287
0.764811
0.696432
0.715191
0.713095
0.633113
0.627858
0.579972
0.625018
0.616836
0.725311
0.598716
0.550323
0.529277
0.675358
0.677608
0.746925
0.743527
0.756879
0.731711
0.690682
0.712768
0.640975
0.580497
0.690639
0.495932
0.608703
0.765409
0.7981
0.765093
0.666586
0.653983
0.629483
0.756986
0.728703
0.672752
0.81142
0.779882
0.842137
0.809615
0.752605
0.830283
0.792217
0.70859
0.698727
0.841376
0.837314
0.771047
0.829668
0.761525
0.754668
0.830742
0.867172
0.806015
0.868308
0.78728
0.794393
0.868055
0.879662
0.847663
0.767429
0.689787
0.651099
0.608745
0.562291
0.401573
0.528127
0.55702
0.584824
0.626312
0.572376
0.641558
0.762793
0.687859
0.773789
0.887422
0.84794
0.929516
0.911321
0.886171
0.84574
0.922427
0.865224
0.712749
0.867047
0.79146
0.751629
0.727597
0.661177
0.623639
0.556622
0.48742
0.451502
0.415958
0.240625
0.286705
0.379424
0.374058
0.434353
0.534385
0.562247
0.470546
0.539208
0.510087
0.62298
0.598173
0.536968
0.614941
0.620224
0.653562
0.625491
0.762544
0.859053
0.777314
0.853641
0.786798
0.804817
0.727334
0.682896
0.752766
0.791568
0.793074
0.778876
0.854154
0.859059
0.844389
0.904154
0.834135
0.855345
0.800581
0.792251
0.83976
0.82152
0.86629
0.858519
0.675668
0.683592
0.804208
0.729534
0.611288
0.653899
0.607226
0.425509
0.609224
0.4859
0.522289
0.536327
0.501376
0.491931
0.489862
0.455439
0.677816
0.765205
0.77622
0.753573
0.649128
0.622188
0.731323
0.644053
0.685483
0.799427
0.749382
0.717639
0.767143
0.746131
0.710395
0.761022
0.765663
0.821314
0.822142
0.838939
0.83009
0.816362
0.78506
0.778995
0.814779
0.861871
0.900929
0.927759
0.892651
0.824754
0.893451
0.872092
0.844536
0.780605
0.838681
0.753321
0.684641
0.794369
0.84587
0.79955
0.853622
0.754133
0.7522
0.78695
0.717645
0.692739
0.810605
0.770396
0.784373
0.714956
0.743364
0.755878
0.770258
0.655932
0.752105
0.648488
0.728023
0.617134
0.60439
0.680107
0.727958
0.625333
0.614982
0.680177
0.67101
0.60427
0.721641
0.749504
0.671978
0.649194
0.732434
0.766569
0.750202
0.771335
0.845648
0.831921
0.801217
0.859868
0.869456
0.794372
0.750031
0.842793
0.863903
0.830645
0.825528
0.881946
0.87969
0.913638
0.846215
0.828811
0.71467
0.763858
0.854358
0.748094
0.732654
0.748913
0.783834
