0.561947
0.597999
0.702257
0.720109
0.704339
0.687556
0.68866
0.704118
0.678181
0.700038
0.774335
0.799107
0.779966
0.735387
0.800801
0.749349
0.726677
0.676161
0.625795
0.660934
0.550624
0.552696
0.606976
0.579055
0.594957
0.596616
0.607052
0.543332
0.571116
0.606587
0.651167
0.663286
0.682793
0.711591
0.722238
0.710047
0.673033
0.696368
0.782663
0.685935
0.654671
0.749688
0.830276
0.624802
0.620593
0.706401
0.686075
0.696048
0.631304
0.677914
0.741334
0.789138
0.819375
0.846695
0.844816
0.789218
0.722766
0.804412
0.760642
0.666987
0.736443
0.780956
0.624052
0.56923
0.578356
0.626903
0.556316
0.581199
0.602593
0.577598
0.604854
0.608703
0.5392
0.50189
0.468198
0.560354
0.527332
0.606196
0.647688
0.702544
0.749963
0.788618
0.906043
0.809203
0.683151
0.683557
0.661111
0.702692
0.740844
0.811476
0.732089
0.845052
0.756386
0.747047
0.772958
0.851927
0.728251
0.705158
0.764222
0.900299
0.957523
0.820607
0.968239
0.976925
1
0.876305
0.942019
0.986426
0.911237
0.914466
0.816753
0.825335
0.599029
0.697177
0.80691
0.728091
0.668071
0.762446
0.724679
0.810956
0.748289
0.873601
0.653618
0.629645
0.68895
0.675074
0.716105
0.662905
0.687745
0.702339
0.665123
0.784429
0.722822
0.754705
0.761823
0.627553
0.616388
0.666014
0.616219
0.669784
0.611396
0.571439
0.53905
0.522303
0.548473
0.536038
0.504584
0.597054
0.687027
0.659549
0.660775
0.707499
0.698639
0.593968
0.583359
0.775431
0.770657
0.547873
0.467391
0.632027
0.713103
0.812546
0.73869
0.633692
0.643205
0.787734
0.821743
0.847624
0.784077
0.634259
0.586303
0.519923
0.605134
0.657135
0.64608
0.746021
0.688631
0.687974
0.777487
0.913469
0.824142
0.76372
0.851882
0.764592
0.744041
0.705592
0.796761
0.799508
0.849424
0.664898
0.60537
0.679951
0.709398
0.447671
0
0.494519
0.620239
0.696647
0.614435
0.817363
0.824414
0.886274
0.684503
0.556988
0.583901
0.595786
0.818814
0.806902
0.843943
0.865184
0.794252
0.661036
0.775513
0.70443
0.717126
0.455628
0.431421
0.490762
0.530309
0.743094
0.72219
0.606511
0.568091
0.752349
0.74999
0.954872
0.90836
0.843371
0.898142
0.860861
0.86373
0.882464
0.877532
0.943608
0.89793
0.873943
0.894753
0.903255
0.863496
0.753795
0.758517
0.752014
0.76066
0.782638
0.67509
0.640337
0.553539
