0.354944
0.461045
0.355871
0.342191
0.462772
0.566652
0.577393
0.537252
0.510522
0.489076
0.491758
0.558438
0.583391
0.563315
0.589619
0.603118
0.692884
0.692131
0.628894
0.741148
0.675379
0.730401
0.684658
0.710988
0.618847
0.720371
0.525716
0.62847
0.617454
0.653255
0.578329
0.610598
0.643926
0.608588
0.655274
0.627775
0.689037
0.578146
0.588009
0.580136
0.595574
0.601878
0.530057
0.485073
0.479212
0.578942
0.539936
0.55652
0.647972
0.637358
0.700203
0.665817
0.642611
0.561102
0.474137
0.546209
0.458834
0.635323
0.580541
0.592079
0.658062
0.603452
0.654789
0.557134
0.551498
0.520987
0.558157
0.599182
0.550905
0.613623
0.538719
0.536428
0.50277
0.358523
0.47505
0.424136
0.336721
0.336833
0.415815
0.491151
0.523819
0.548144
0.682982
0.592374
0.608281
0.543758
0.615368
0.606658
0.51633
0.535574
0.608749
0.500294
0.517371
0.505462
0.56186
0.536404
0.615014
0.535804
0.650968
0.545479
0.644018
0.623938
0.726531
0.606307
0.568514
0.504886
0.517651
0.418683
0.501793
0.418772
0.403032
0.57069
0.581999
0.675986
0.717905
0.598348
0.617502
0.587456
0.59298
0.616676
0.609939
0.612719
0.57536
0.557255
0.632322
0.651565
0.834214
0.799796
0.792054
0.666488
0.499419
0.454954
0.540843
0.483185
0.400267
0.301158
0.402814
0.601137
0.480841
0.572814
0.615022
0.691929
0.659411
0.636042
0.644751
0.629896
0.614057
0.615875
0.651581
0.74429
0.614475
0.632219
0.759936
0.654034
0.65306
0.640719
0.623269
0.670338
0.673707
0.669155
0.606727
0.566444
0.74092
0.697968
0.603342
0.5937
0.725025
0.714721
0.668841
0.561092
0.631258
0.529001
0.490536
0.50662
0.472913
0.46601
0.572428
0.549911
0.521384
0.54281
0.53189
0.55367
0.665053
0.595759
0.633562
0.644652
0.557816
0.712793
0.627444
0.675361
0.470579
0.495189
0.588798
0.656984
0.680613
0.637915
0.775434
0.607129
0.506575
0.526732
0.654394
0.731885
0.723819
0.732325
0.614456
0.681723
0.552546
0.556834
0.593309
0.620203
0.654466
0.61454
0.569097
0.680331
0.604081
0.620346
0.561797
0.682106
0.663089
0.55685
0.563905
0.54009
0.607671
0.658056
0.553672
0.59414
0.796544
0.722548
0.634734
0.697452
0.726575
0.61261
0.599733
0.716809
0.645279
0.581875
0.668725
0.57225
0.603848
0.808283
0.713776
0.70507
0.690128
0.668558
0.657629
0.621327
0.410443
0.518141
0.470558
0.596375
0.479367
0.64027
0.601861
0.686423
0.519309
0.726888
0.72119
0.760763
0.718828
0.675386
0.554921
0.518795
0.54537
0.486575
0.408985
0.346405
0.367221
0
0.47611
0.680751
0.703904
0.528448
0.411493
0.567241
0.61372
0.605219
0.709631
0.649456
0.532787
0.613854
0.62709
0.681276
0.633101
0.555261
0.593612
0.560637
0.53678
0.498893
0.430642
0.598868
0.454183
0
0
0.675827
0.763411
0
0.414708
0.71993
0.646152
0.530945
0.443905
0.519828
0.669358
0.658983
0.459096
0.621488
0.648572
0.528607
0.61173
0.536761
0.394425
0.788006
0.550176
0.411805
0
0.325314
0.643385
0.752991
0.700966
0.931454
0.738897
0.499333
0.806093
1
0.7091
0.609318
0.643159
0.716425
0.609883
0.564599
0.520315
0.572896
0.588181
0.627946
0.781621
0.691438
0.666665
0.650837
0.686555
0.579129
0.486029
0.470628
0.746095
0.701063
0.485125
0.516725
0.546575
0.52321
0.492103
0.68316
0.49466
0.420068
0.459013
0.439674
0.523063
0.544277
0.517835
0.491197
0.479671
0.602897
0.596909
0.746297
0.68729
0.566914
0.441938
0.47715
0.438031
0.36068
0.367279
0.317198
0.272673
0
0.278493
0.397964
0.304745
0.466753
0.328612
0.463483
0.39494
0
0.321201
0.768005
0.65727
0.716209
0.658314
0.909373
0.758487
0.736867
0.831114
0.861775
0.845821
0.714056
0.745001
0.868967
0.708395
0.704401
0.773452
0.613754
0.671812
0.844307
0.836305
0.687933
0.790404
0.707121
0.599241
0.755061
0.823579
0.639826
0.522119
0.681228
0.790467
0.550078
0.495134
0.617671
0.693175
0.673773
0.758121
0.655345
0.593263
0.768214
0.726597
0.606806
0.636159
0.870361
0.811514
0.736009
0.722588
0.715157
0.833853
0.664314
0.656609
0.750838
0.707229
0.70146
0.723512
0.860356
0.690562
0.67852
0.873198
0.746504
0.745771
0.667244
0.690325
0.878055
0.677501
0.627289
0.613269
0.641858
0.658842
0.632352
0.693702
0.632333
0.646145
0.670763
0.774358
0.651227
0.703437
0.606145
0.540936
0.581566
0.605385
0.534668
0.502752
0.537275
0.592689
0.535989
0.529823
0.70875
0.689217
0.545227
0.637581
0.732493
0.555495
0.524751
0.605997
0.47563
0.465817
0.434229
0.519958
0.63506
0.527097
0.536559
0.690272
0.615847
0.554795
0.574059
0.67699
0.655609
0.53235
0.483766
0.582267
0.601615
0.548151
0.621641
0.640748
0.717327
0.675893
0.597811
0.702003
0.713405
0.643745
0.617251
0.666463
0.558675
0.471382
0.46472
0.558243
0.540046
0.606086
0.566016
0.612093
0.611243
0.6326
0.609399
0.604072
0.735471
0.737372
0.742054
0.663513
0.720746
0.714614
0.660961
0.676147
0.66251
0.566559
0.561382
0.457804
0.562061
0.604961
0.573396
0.624163
0.569178
0.567592
0.606626
0.718297
0.608402
0.505036
0.559777
0.655044
0.642365
0.515089
0.551627
0.534651
0.682629
0.670408
0.635136
0.671046
0.728836
0.684004
0.665869
0.682458
0.656885
0.583743
0.682057
0.599352
0.593048
0.533025
0.632276
0.625507
0.531077
0.570026
0.552801
0.618326
0.541502
0.374678
0.42896
0.566323
0.531616
0.465009
0.547473
0.666501
0.550292
0.483952
0.628676
0.560363
0.566043
0.641542
0.54496
0.519434
0.540962
0.564551
0.483839
0.474258
0.474252
0.475347
0.391489
0.422344
0.481809
0.462509
0.428826
0.462394
0.470481
0.43788
0.377326
0.295452
0.391956
0.462575
0.330637
0.296647
0.387876
0.417151
0.352293
0.417717
0.436728
0.396683
0.435542
