0.587505
0.584451
0.602008
0.655215
0.545329
0.630533
0.58001
0.669999
0.638766
0.599626
0.468198
0.445267
0.462684
0.744971
0.782339
0.745081
0.721328
0.66176
0.783012
0.538293
0.56892
0.789605
0.583694
0.599167
0.581327
0.613796
0.789998
0.642938
0.527234
0.837571
0.669768
0.569048
0.614304
0.696124
0.600183
0.474962
0.562372
0.573612
0.450982
0.344905
0
0.378702
0.735691
0.414992
0.426002
0.556487
0.641684
0.438721
0.694184
0.697194
0.589639
0.543889
0.658508
0.518272
0.510502
0.516665
0.552689
0.673422
0.477158
0.406827
0.388265
0.535599
0.49948
0.652799
0.477972
0.402071
0.452202
0.323162
0.304549
0.262272
0.271039
0.273454
0.271304
0.422292
0.373749
0.600852
0.559923
0.663624
0.691773
0.703997
0.795201
0.802233
0.723186
0.634296
0.622483
0.393088
0.555499
0.481465
0.42337
0.519332
0.395961
0.391187
0.399403
0.370343
0.41922
0.335977
0.35056
0.291291
0.304996
0.441378
0.368099
0.371584
0.430799
0.401824
0.400061
0.417645
0.398476
0.407863
0.424702
0.403185
0.49099
0.388237
0.435421
0.384379
0.412037
0.416959
0.489086
0.409024
0.408395
0.461465
0.490604
0.505573
0.425492
0.451266
0.545762
0.545739
0.495141
0.566764
0.497996
0.505592
0.469054
0.476897
0.457877
0.441766
0.382823
0.369707
0.45807
0.635708
0.543402
0.534761
0.467553
0.413492
0.503194
0.506194
0.585514
0.573739
0.654862
0.518697
0.627655
0.649895
0.625921
0.773872
0.669408
0.554204
0.69183
0.754815
0.640383
0.685386
0.736543
0.856183
0.724781
0.559566
0.605796
0.766811
0.671338
0.653481
0.650892
0.712018
0.657416
0.762468
0.74526
0.959689
0.72665
0.474494
0.61468
0.55588
0.649931
0.728846
0.729777
0.644784
0.863997
0.829504
0.780091
0.872401
0.845212
0.688195
0.723354
0.757621
0.86867
0.694002
0.581578
0.659218
0.654807
0.652329
0.551906
0.509685
0.705886
0.780262
0.894582
0.858123
0.77038
0.74017
0.59509
0.508627
0.527797
0.460883
0.495768
0.571677
0.536465
0.676812
0.537272
0.583599
0.618013
0.622831
0.523667
0.516592
0.460592
0.404999
0.472647
0.39264
0.461722
0.439821
0.287461
0.367498
0.31831
0.380492
0.257208
0.235347
0.343729
0.353241
0.299304
0.410429
0.465981
0.579699
0.599834
0.474731
0.595352
0.754228
0.641018
0.677778
0.519005
0.766805
0.862142
0.815404
0.716615
0.646582
0.708101
0.519785
0.602086
0.54902
0.447697
0.50168
0.568998
0.564824
0.420975
0.487804
0.610526
0.524263
0.467415
0.582584
0.830985
0.733474
0.594094
0.586353
0.856515
0.772571
0.718255
0.532269
0.512644
0.454905
0.269455
0
0.425441
0.552787
0.484634
0.565041
0.887842
0.727135
0.915155
0.977193
0.690227
0.585617
0.827092
0.71419
0.476452
0.521229
0.461457
0.495394
0.654893
0.517518
0.484717
0.631751
0.642245
0.739835
0.733438
0.679863
0.57247
0.544615
0.4239
0.520575
0.537176
0.486989
0.544428
0.540485
0.565029
0.687528
0.634572
0.789979
0.825701
0.764977
0.707432
0.735132
0.626071
0.540112
0.516022
0.707292
0.678871
0.783756
0.61039
0.651875
0.78317
0.563946
0.65806
0.810359
0.633647
0.614937
0.591879
0.578116
0.763708
0.616198
0.48556
0.893853
0.613873
0.591603
0.64272
0.611827
0.597654
0.636853
0.571864
0.435409
0.407337
0.339612
0
0.485578
0.760817
0.423219
0.453169
0.597147
0.700802
0.444325
0.648197
0.735531
0.556606
0.502886
0.608156
0.505106
0.479467
0.494119
0.472146
0.572934
0.42001
0.35563
0.364233
0.494008
0.515958
0.607901
0.500644
0.503996
0.434283
0.453557
0.440888
0.36048
0.306269
0.322061
0.315454
0.363901
0.360331
0.491292
0.538309
0.668296
0.653122
0.567396
0.661812
0.74089
0.613115
0.502782
0.584377
0.407311
0.546331
0.503534
0.443418
0.549181
0.481047
0.490257
0.477934
0.396977
0.39211
0.362875
0.40977
0.369221
0.366916
0.478468
0.450427
0.459946
0.481772
0.597057
0.62735
0.69582
0.65898
0.593819
0.529736
0.537468
0.563773
0.459451
0.571086
0.493014
0.448894
0.447212
0.4731
0.460158
0.436513
0.453182
0.535891
0.557413
0.415911
0.469511
0.570614
0.525126
0.488378
0.561797
0.557003
0.539311
0.504589
0.509426
0.516656
0.461332
0.408591
0.471352
0.540054
0.558154
0.553937
0.534396
0.447079
0.454682
0.491112
0.504984
0.590421
0.600417
0.695162
0.536269
0.664058
0.710273
0.623324
0.806405
0.696678
0.641156
0.734136
0.826753
0.69084
0.781843
0.788635
0.93497
0.789782
0.648104
0.700279
0.832036
0.741411
0.716164
0.671591
0.735241
0.677095
0.828675
0.80795
1
0.766191
0.471494
0.649995
0.593228
0.563024
0.665964
0.788252
0.71704
0.950154
0.864454
0.797605
0.939586
0.88594
0.686856
0.77966
0.802559
0.910592
0.723437
0.586444
0.641568
0.665623
0.702861
0.567221
0.533313
0.758965
0.837201
0.97212
0.871813
0.739909
0.678261
0.623827
0.496439
0.546446
0.460042
0.496691
0.57759
0.628911
0.734155
0.588513
0.631849
0.665548
0.64064
0.574077
0.568407
0.497798
0.453966
0.534685
0.468204
0.500617
0.447648
0.264317
0.349104
0.313609
0.367986
0.225432
0.2622
0.372467
0.397612
0.376801
0.467713
0.507714
0.600153
0.622255
0.514591
0.636476
0.767463
0.673872
0.683198
0.532169
0.748303
0.839147
0.829799
0.724246
0.707988
0.734393
0.567046
0.592555
0.562482
0.448195
0.529146
0.587626
0.564552
0.408163
0.472657
0.642545
0.51915
0.403826
0.56035
0.759768
0.74275
0.571532
0.605615
0.851914
0.848724
0.616796
0.699012
0.47815
0.525114
0.275392
0
0.461925
0.581055
0.474422
0.553315
0.881019
0.723287
0.922131
0.941013
0.628182
0.540022
0.768245
0.713209
0.466208
0.535649
0.474704
0.53661
0.670982
0.533406
0.487748
0.635046
0.640785
0.803385
0.82645
0.672118
0.581584
0.540513
0.47797
0.618127
0.706762
0.592164
0.337467
0.290267
