0.356557
0.411893
0.405784
0.430211
0.406404
0.352685
0.444168
0.552849
0.538263
0.659518
0.684987
0.695951
0.611432
0.433404
0.552999
0.482738
0.471723
0.383361
0.467465
0.459942
0.430354
0.543413
0.48641
0.722893
0.28717
0
0.666919
0
0.333495
0.317162
0.364691
0.613007
0.741849
0.587867
0.502327
0.960045
0.601944
0.622475
0.726183
0.898377
0.69777
0.639581
0.661406
0.600523
0.48207
0.5346
0.51221
0.506411
0.449894
0.519859
0.503916
0.478087
0.473097
0.393119
0.529431
0.506057
0.464092
0.583361
0.578236
0.466196
0.488886
0.643199
0.510586
0.492091
0.508002
0.483797
0.502527
0.551864
0.564155
0.548987
0.485296
0.359214
0.405382
0.528363
0.929636
0.666781
0.420222
0.521581
0.571202
0.585777
0.56336
0.502899
0.424639
0.500607
0.500119
0.449204
0.55544
0.682935
0.596473
0.561275
0.684695
0.701114
0.566968
0.599671
0.663826
0.589564
0.56663
0.484659
0.747554
0.691098
0.726871
0.484234
0.323121
0.482875
0.448925
0.695657
0.631272
0.876811
0.844856
0.547612
0.496922
0.853725
0.687309
0.622218
0.548758
0.725946
0.729296
0.645987
0.588
0.836765
0.868329
0.869495
0.855331
0.798325
0.994654
0.716555
0.64028
0.671962
0.591727
0.549063
0.427089
0.536615
0.484751
0.568953
0.550914
0.798622
0.638524
0.679558
0.875667
0.456244
0.278291
0.412292
0.309327
0.353883
0.267241
0.305246
0.395444
0.366026
0.603946
0.445616
0.474327
0.545148
0.593096
0.588506
0.699636
0.70669
0.677738
0.631364
0.732781
0.876316
0.778208
0.674549
0.729126
0.884121
0.734272
0.768832
0.651162
0.555006
0.431153
0.406348
0
0.396828
0.312504
0.352469
0.274872
0.297186
0.48986
0.455168
0.467345
0.492757
0.446562
0.563875
0.479456
0.453538
0.577622
0.51443
0.493231
0.547641
0.655947
0.56859
0.668341
0.541345
0.612012
0.580963
0.644829
0.678274
0.627785
0.540565
0.479087
0
0.429213
0.510823
0
0.276748
0.228685
0.282938
0.474107
0.358717
0.490968
0.405856
0.461396
0.436307
0.49915
0.560375
0.518174
0.527085
0.595144
0.639468
0.6366
0.527942
0.5555
0.753829
0.59918
0
0.543688
0.525136
0.313726
0.229143
0.259846
0.264396
0.259498
0.317769
0.301364
0.306338
0.37135
0.361339
0.394459
0.354703
0.311042
0.278187
0.282032
0.270889
0.248675
0.231529
0.291859
0.363882
0.521457
0.496176
0.335699
0.498187
0.51625
0.490071
0.474722
0.632192
0.543788
0.53685
0.673555
0.620488
0.552282
0.528488
0.503195
0.585376
0.551719
0.454736
0.579017
0.68329
0.495401
0.469698
0.690111
0.519771
0
0.504771
0.361474
0.4808
0.498599
0.428288
0.760298
0.551336
0.524725
0.470359
0.504741
0.386311
0.477967
0.389135
0.346676
0.371035
0.397417
0.423021
0.358977
0.41797
0.559197
0.414415
0.473276
0.521768
0.465197
0.460527
0.762482
0.671493
0.562521
0.453753
0.519705
0.630517
0.56989
0.561107
0.660889
0.577636
0.554147
0.527114
0.513971
0.514663
0.584954
0.517552
0.536325
0.522785
0.600811
0.637552
0.554017
0.475673
0.525642
0.540948
0.510991
0.511258
0.601242
0.507008
0.451185
0.524432
0.71725
0.524053
0.522907
0.546902
0.495141
0.481019
0.351291
0.314379
0.256664
0.328592
0.380249
0.366402
0.417393
0.384632
0.340502
0.47253
0.522631
0.546616
0.636117
0.766838
0.696036
0.586434
0.463716
0.569913
0.50369
0.495418
0.440727
0.480521
0.451131
0.432403
0.640862
0.518343
0.849355
0.324125
0
0.783298
0
0.374177
0.330918
0.417906
0.68876
0.791239
0.614837
0.62021
1
0.656718
0.685573
0.874041
0.921397
0.785377
0.656621
0.696014
0.6323
0.540275
0.584104
0.568063
0.53586
0.482189
0.538879
0.549897
0.500345
0.528791
0.462128
0.609275
0.556945
0.512949
0.590136
0.564715
0.476669
0.547912
0.655294
0.524596
0.495333
0.567903
0.557122
0.42014
0.571153
0.609441
0.612596
0.498587
0.33671
0.335352
0.535285
0.778882
0.64533
0.460939
0.53258
0.500202
0.584789
0.637429
0.588718
0.505408
0.57323
0.553421
0.482844
0.617377
0.715282
0.605058
0.607498
0.667596
0.655864
0.559918
0.599419
0.704889
0.598539
0.570881
0.47685
0.7737
0.696573
0.720272
0.495925
0.317896
0.470094
0.401015
0.571361
0.592397
0.882444
0.784226
0.48321
0.473413
0.812935
0.650707
0.614568
0.508812
0.745645
0.706425
0.644209
0.579569
0.743906
0.848755
0.829034
0.68119
0.712807
0.9813
0.671831
0.565374
0.582587
0.561342
0.487193
0.393908
0.567847
0.487279
0.64152
0.556063
0.79706
0.663458
0.775438
0.924854
0.465648
0.293954
0.448196
0.27027
0.343818
0.31085
0.335096
0.404541
0.391389
0.549931
0.434011
0.498334
0.504275
0.573229
0.640307
0.700461
0.693036
0.672656
0.601475
0.729277
0.83777
0.800002
0.679749
0.714728
0.930886
0.747153
0.797662
0.742623
0.655049
0.507967
0.431972
0
0.39079
0.314874
0.427842
0.319996
0.325729
0.47354
0.460722
0.456051
0.456754
0.462956
0.615743
0.544128
0.517246
0.622949
0.525817
0.522142
0.586578
0.648378
0.570905
0.687431
0.550121
0.615634
0.539619
0.669548
0.725201
0.657912
0.615807
0.517302
0
0.452166
0.514228
0
0.258311
0.24131
0.325716
0.593118
0.41616
0.518813
0.436083
0.527871
0.526527
0.596816
0.598964
0.54019
0.568009
0.613892
0.71556
0.711084
0.619539
0.616825
0.724843
0.580449
0
0.553098
0.499422
0.350079
0.234579
0.270064
0.264382
0.24983
0.323518
0.287233
0.322778
0.389205
0.377225
0.421611
0.379694
0.329728
0.309638
0.327597
0.289073
0.259951
0.237191
0.329929
0.421253
0.570642
0.537397
0.373067
0.510986
0.516426
0.478697
0.511736
0.701938
0.588033
0.530238
0.722536
0.735594
0.625838
0.636069
0.548868
0.58127
0.55654
0.515868
0.650495
0.723889
0.636706
0.509336
0.778472
0.568574
0
0.541049
0.305071
0.550643
0.504013
0.455175
0.813649
0.644263
0.523487
0.465734
0.608391
0.446469
0.499553
0.3871
0.362042
0.401481
0.423351
0.422906
0.388807
0.409479
0.573559
0.397168
0.506394
0.549123
0.531505
0.490105
0.800924
0.739746
0.585126
0.472512
0.519235
0.671981
0.559259
0.527628
0.656318
0.65991
0.612942
0.542052
0.573997
0.608105
0.653775
0.55432
0.540514
0.504373
0.639674
0.67884
0.592853
0.500634
0.597049
0.625312
0.528905
0.507847
0.636021
0.536444
0.450597
0.554959
0.869554
0.564649
0.521138
0.440384
0.440212
0.440143
0.30772
0.306754
0.244982
