0.433388
0.588113
0.606441
0.706492
0.776624
0.641504
0.612368
0.595227
0.499832
0.367881
0.231248
0
0.253468
0.39771
0.53582
0.605734
0.576544
0.586177
0.743805
0.728528
0.740356
0.88572
0.844706
0.768204
0.762905
0.857053
0.745372
0.728993
0.663228
0.617057
0.639467
0.625047
0.642644
0.653063
0.73798
0.660135
0.625234
0.602828
0.530258
0.493097
0.536177
0.542645
0.432368
0.492869
0.606079
0.413893
0.472642
0.549653
0.523768
0.630882
0.495269
0.446534
0.634868
0.617764
0.732985
0.686943
0.637382
0.824202
0.737887
0.518521
0.549845
0.751606
0.697843
0.522772
0.485825
0.374068
0.571079
0.592094
0.571176
0.526188
0.428703
0.276312
0
0.242922
0.217406
0.28061
0.424656
0.330821
0.386951
0.440947
0.383719
0.337073
0.497346
0.482954
0.461499
0.564624
0.637694
0.526211
0.527283
0.604544
0.533209
0.501347
0.642042
0.627792
0.689896
0.632848
0.654295
0.660321
0.65091
0.579115
0.609419
0.485083
0.354726
0
0.202984
0.45897
0.516488
0.470992
0.552642
0.584127
0.499548
0.47825
0.54629
0.605787
0.478919
0.601096
0.578423
0.659109
0.577695
0.615369
0.672166
0.584177
0.660214
0.585539
0.29507
0
0.357144
0
0.398816
0
0.509352
0.336184
0.405201
0.518305
0.420809
0.3707
0.387389
0.527068
0.471274
0.565554
0.652685
0.57128
0.406978
0.648878
0.648385
0.512629
0.606415
0.768475
0.619422
0.575921
0.679171
0.680354
0.532866
0.480221
0.689607
0.53388
0.471216
0.534028
0.570068
0.481466
0.485203
0.500102
0.479427
0.526404
0.473445
0.418357
0.38587
0.299919
0.414636
0.353233
0.297366
0
0.189004
0.357688
0.355412
0.369019
0.508309
0.498708
0.561528
0.617675
0.736971
0.676272
0.790865
0.876262
0.811266
0.798579
0.636907
0.565409
0.495062
0.4847
0.409129
0.386927
0.351827
0.337699
0.320893
0.296797
0.326403
0.350377
0.425488
0.398745
0.38872
0.465912
0.457676
0.468177
0.466523
0.471299
0.481971
0.499012
0.467751
0.434904
0.458987
0.473703
0.463005
0.521583
0.530909
0.617829
0.594449
0.530784
0.452398
0.471325
0.36217
0.317701
0.24524
0.219854
0.264042
0.266629
0.300937
0.343507
0.334094
0.363609
0.381477
0.385891
0.372912
0.431779
0.412548
0.444177
0.44474
0.446151
0.419299
0.407549
0.476831
0.435728
0.441209
0.372151
0.368796
0.360547
0.353049
0.455632
0.371241
0.318225
0.407394
0.451361
0.370501
0.339655
0.360679
0.479731
0.684416
0.618526
0.730054
0.69219
0.665328
0.93403
0.890199
0.714222
0.676093
0.610286
0.596035
0.711508
0.728408
0.597806
0.677857
0.685388
0.761195
0.622589
0.628916
0.705193
0.66352
0.598174
0.567996
0.555911
0.578191
0.633182
0.525047
0.483583
0.736572
0.627403
0.568365
0.518639
0.448241
0.42714
0.504323
0.527894
0.509535
0.625787
0.536584
0.552698
0.54077
0.503095
0.468398
0.407268
0.443939
0.368267
0.411057
0.37706
0.289664
0.24262
0.238534
0.279985
0.271661
0.283876
0.331218
0.410516
0.476609
0.447816
0.521126
0.576945
0.483211
0.568362
0.62359
0.50499
0.378911
0.482808
0.540896
0.645385
0.7091
0.569127
0.508713
0.488975
0.466587
0.303738
0.221143
0
0.263035
0.353505
0.499092
0.536576
0.459046
0.514561
0.706351
0.696498
0.709897
0.841782
0.813468
0.819401
0.745457
0.816058
0.794646
0.810436
0.698003
0.655219
0.577313
0.567109
0.623082
0.642256
0.704925
0.59777
0.539463
0.526535
0.446944
0.415412
0.530099
0.456515
0.326924
0.350663
0.479903
0.293965
0.364205
0.402993
0.45936
0.544915
0.441144
0.401446
0.596236
0.609419
0.664985
0.618431
0.614304
0.781311
0.670279
0.514749
0.484236
0.697004
0.674601
0.511788
0.470436
0.377156
0.550383
0.548655
0.485404
0.459228
0.338164
0.246691
0
0.213391
0.255034
0.255051
0.320621
0.297795
0.32725
0.35772
0.315467
0.300469
0.429393
0.410855
0.34104
0.415706
0.505441
0.423357
0.406465
0.527523
0.500314
0.457671
0.527718
0.544461
0.646705
0.60271
0.641312
0.602191
0.687542
0.509156
0.533407
0.388983
0.260373
0
0.182586
0.367304
0.380885
0.371571
0.464437
0.433738
0.466808
0.471028
0.527706
0.565265
0.506702
0.534219
0.51776
0.592058
0.535883
0.506333
0.483514
0.433937
0.631747
0.567554
0.257103
0
0.400098
0
0.440107
0
0.443798
0.358626
0.431648
0.583941
0.463252
0.453107
0.467806
0.584114
0.538762
0.634281
0.677619
0.656104
0.447681
0.703266
0.708877
0.500976
0.652798
0.824276
0.67839
0.633581
0.776525
0.74386
0.56281
0.513156
0.734901
0.575775
0.491179
0.549907
0.534329
0.487552
0.4528
0.467622
0.492106
0.510643
0.477907
0.4032
0.409903
0.295417
0.451535
0.352146
0.314881
0
0.192236
0.324745
0.371178
0.406246
0.575645
0.566526
0.663371
0.735096
0.890436
0.847129
0.927594
1
0.978166
0.943842
0.722655
0.592983
0.544533
0.602149
0.443554
0.407508
0.32839
0.351438
0.337673
0.306337
0.374214
0.386536
0.407457
0.444593
0.456678
0.513783
0.483766
0.470703
0.458943
0.533893
0.507424
0.483245
0.522428
0.504678
0.501214
0.51937
0.49493
0.563159
0.506514
0.605245
0.597652
0.578479
0.501463
0.531275
0.364569
0.321838
0.240322
0.244162
0.328671
0.317211
0.33015
0.320769
0.319691
0.360321
0.368507
0.401229
0.380158
0.405663
0.458469
0.458234
0.446486
0.464045
0.450033
0.435632
0.502687
0.462181
0.46576
0.357463
0.345875
0.376442
0.330677
0.476423
0.383293
0.330922
0.386685
0.450486
0.333172
0.326705
0.341008
0.547638
0.664652
0.699451
0.79704
0.691495
0.755517
0.913232
0.832826
0.745743
0.754691
0.689348
0.636187
0.810671
0.792067
0.689774
0.681988
0.65535
0.687853
0.535099
0.496361
0.486672
0.485956
0.503645
0.476324
0.509082
0.522107
0.484067
0.43382
0.378014
0.721561
0.633379
0.572955
0.56402
0.508899
0.382556
0.474214
0.560941
0.532765
0.467101
0.424651
0.45322
0.352889
0.360045
0.338743
0.316759
0.211344
0.204254
0.247548
0.350357
0.212608
0.185601
0.180166
0.288893
0.330096
0.340962
0.416905
0.467974
0.568032
0.529511
0.559658
0.653835
0.521528
0.489707
0.634168
0.569629
