0.571257
0.711653
0.672915
0.887252
0.772391
0.900378
0.794872
0.759865
0.69385
0.726751
0.825177
0.940979
0.80188
0.754825
0.844964
0.849799
0.79116
0.768588
0.743329
0.642652
0.692674
0.702782
0.664456
0.718607
0.700039
0.665402
0.639
0.613659
0.659967
0.610573
0.581477
0.624001
0.631182
0.649204
0.691167
0.610789
0.603795
0.53034
0.568649
0.439604
0.525438
0.491923
0.517228
0.625172
0.523264
0.557064
0.654571
0.671896
0.570788
0.558676
0.681617
0.672895
0.618563
0.620484
0.718424
0.737254
0.596025
0.678442
0.683609
0.675086
0.680444
0.702552
0.733502
0.718117
0.619394
0.702511
0.666073
0.612375
0.533749
0.438523
0.384221
0
0.349786
0.469259
0.690607
0.60356
0.538707
0.503564
0.476661
0.515014
0.551255
0.555224
0.487571
0.482422
0.452558
0.495283
0.55904
0.538387
0.549998
0.553533
0.566105
0.496123
0.617135
0.6096
0.577355
0.647006
0.671869
0.722049
0.669848
0.678943
0.558573
0.615379
0.695252
0.590866
0.630521
0.515905
0.437404
0.478811
0.405028
0.427406
0.484035
0.475671
0.610366
0.577937
0.597326
0.625002
0.654467
0.709907
0.63025
0.558732
0.655544
0.754385
0.630959
0.626685
0.683201
0.651517
0.684769
0.586781
0.614809
0.562695
0.54181
0.635433
0.552147
0.469728
0.554353
0.550699
0.5095
0.674731
0.571736
0.358114
0
0.503072
0
0.665006
0.753781
0.941922
0.858177
0
0.329116
0.440663
0.463209
0.470769
0.692852
0.593912
0.883742
0.941014
0.838988
0.783161
0.757502
0.625967
0.475937
0.620496
0.348385
0.375939
0.384246
0.529854
0.582499
0.572969
0.512041
0.584002
0.633885
0.527205
0.514513
0.493932
0.452125
0.571263
0.61288
0.595076
0.547873
0.53764
0.587479
0.462557
0.573374
0.665193
0.806765
0.632963
0.592111
0.644914
0.866174
0.955788
1
0.804629
0.691998
0.860015
0.864814
0.625704
0.646687
0.686682
0.624968
0.732126
0.696607
0.747842
0.621214
0.682943
0.624933
0.449585
0.361997
0.499765
0.546762
0.428586
0.472342
0.555806
0.599486
0.568989
0.647139
0.614195
0.637916
0.574745
0.616944
0.693687
0.648459
0.626712
0.489669
0.623402
0.682431
0.813564
0.792691
0.816876
0.769371
0.696214
0.744905
0.827375
0.655386
0.72226
0.69131
0.737203
0.728392
0.874374
0.777034
0.814269
0.68589
0.636442
0.690878
0.586753
0.544405
0.498059
0.586742
0.534917
0.511805
0.53803
0.60956
0.57738
0.559572
0.583689
0.63088
0.640512
0.613514
0.667931
0.773521
0.690142
0.638233
0.73253
0.814657
0.731425
0.715813
0.600935
