0.438806
0.43074
0.421789
0.55333
0.515088
0.459318
0.576666
0.605555
0.615572
0.642979
0.676962
0.607471
0.557611
0.595348
0.591141
0.565891
0.568402
0.612113
0.635331
0.648765
0.639428
0.681171
0.717957
0.646385
0.619441
0.654684
0.597147
0.636007
0.5561
0.55333
0.621348
0.592795
0.609624
0.605555
0.529052
0.558822
0.532325
0.561496
0.481227
0.486051
0.481227
0.525697
0.59058
0.55333
0.532325
0.601398
0.637771
0.550508
0.544699
0.597147
0.601398
0.648069
0.682054
0.642073
0.624433
0.511455
0.507175
0.561496
0.617516
0.544699
0.64974
0.564125
0.561496
0.566712
0.6076
0.6076
0.564125
0.579065
0.615572
0.46526
0.518722
0.634229
0.641256
0.648069
0.686771
0.674922
0.593392
0.62851
0.541059
0.478757
0.456153
0.448825
0.461578
0.534932
0.568406
0.600417
0.524156
0.562181
0.59058
0.627618
0.592795
0.55333
0.569258
0.569258
0.632436
0.632436
0.638556
0.57098
0.554325
0.546244
0.569456
0.605063
0.531756
0.552416
0.691157
0.74054
0.655952
0.619721
0.648272
0.649317
0.586434
0.85207
0.935783
0.83498
0.776775
0.762882
0.756672
0.7898
0.861711
0.827873
0.792557
0.750695
0.696834
0.678038
0.676441
0.676004
0.671931
0.695365
0.671491
0.696809
0.65204
0.66104
0.639384
0.618848
0.57325
0.580126
0.532325
0.576666
0.613807
0.60746
0.629983
0.713803
0.731303
0.700512
0.791422
0.743302
0.76066
0.841344
0.898483
0.943676
0.913906
0.805141
0.723198
0.701775
0.799797
0.760257
0.637698
0.667629
0.72592
0.804034
0.758394
0.845492
0.830589
0.815852
0.840884
1
0.878431
0.797815
0.765416
0.812692
0.875673
0.782707
0.855352
0.892784
0.79373
0.648372
0.646588
0.541723
0.616895
0.658879
0.700371
0.69143
0.798636
0.795886
0.753706
0.820703
0.894217
0.884419
0.78498
0.781075
0.625975
0.664388
0.717349
0.710731
0.785727
0.819262
0.831976
0.807304
0.940909
0.945605
0.821733
0.792988
0.879828
0.785407
0.690194
0.62899
0.574791
0.446345
0.328994
0.37655
0.387542
0.49343
0.491207
0.547423
0.474331
0.469657
0.636025
0.632985
0.635842
0.64168
0.673245
0.83883
0.784461
0.769465
0.864651
0.870652
0.863466
0.809212
0.930694
0.92075
0.731848
0.630879
0.623129
0.611262
0.444342
0
0.390881
0.539316
0.389083
0.507045
0.558589
0.641145
0.698476
0.646272
0.782652
0.791192
0.748722
0.872431
0.902787
0.827413
0.866848
0.801596
0.912627
0.968413
0.871058
0.86014
0.762995
0.734855
0.667412
0.58895
0.919276
0.478579
0.509425
0.358257
0
0.285713
0.313453
0.356941
0.369907
0.378154
0.351398
0.383152
0.432049
0.425528
0.565361
0.656494
0.718373
0.588182
0.624235
0.747215
0.722315
0.707783
0.716088
0.667282
0.575002
0.596336
0.387438
0
0.501959
0.654985
0.601307
0.4747
0.489935
0.472527
0.534025
0.548456
0.528661
0.587893
0.557227
0.596209
0.602717
0.621779
0.580533
0.66945
0.685413
0.679553
0.650762
0.693847
0.70881
0.636007
0.648097
0.654684
0.636007
0.628804
0.626965
0.630628
0.60887
0.621348
0.638187
0.595484
0.597498
0.609412
0.59058
0.576666
0.569258
0.5561
0.511346
0.486051
0.399931
0.411672
0.421789
0.271788
0.271788
0.45298
0.525697
0.522256
0.566712
0.55333
0.566712
0.561496
0.481227
0.49511
0.438806
0.399931
0.421789
0.476175
0.486051
0.46526
0.438806
0.499382
0.481227
0.421789
0.459318
0.459318
0.399931
0.385747
0.385747
0.399931
0.421789
0.411672
0.446175
0.459318
0.476175
0.486051
0.515088
0.547632
0.564125
0.547632
0.522256
0.459318
0.49511
0.538647
0.535522
0.588336
0.561496
0.532325
0.529052
0.507488
0.499382
0.399931
0.438806
0.438806
0.421789
0.43074
0.438806
0.470864
0.459318
0.438806
0.486051
0.538647
0.499382
0.511346
0.515088
0.522256
0.49511
0.507488
0.46526
0.481227
0.532325
0.511346
0.544699
0.538647
0.558822
0.550508
0.571764
0.535522
