0.50367
0.67161
0.714263
0.784811
0.61859
0.510705
0.570373
0.528926
0.452431
0.382095
0.310317
0
0.496884
0.484055
0.350754
0.363055
0.288802
0.317173
0.322221
0.350529
0.416774
0.42776
0.387151
0.534673
0.554956
0.420993
0.477294
0.533436
0.49935
0.497905
0.460645
0.408482
0.448313
0.536255
0.407546
0.326229
0.331951
0.355699
0.56831
0.626045
0.615052
0.61586
0.503747
0.533956
0.529019
0.472292
0.515672
0.388106
0.360526
0.438233
0.47114
0.427594
0.479913
0.495168
0.523465
0.554879
0.54827
0.653218
0.601057
0.566137
0.679097
0.682993
0.55655
0.598915
0.590847
0.605197
0.579058
0.592307
0.621904
0.540526
0.577418
0.672983
0.575061
0.541024
0.636737
0.747935
0.767121
0.651085
0.649166
0.542407
0.467717
0.548023
0.441446
0.599687
0.616668
0.624005
0.664162
0.60139
0.682466
0.579704
0.67591
0.766652
0.683157
0.643477
0.733216
0.87124
0.725357
0.633397
0.610514
0.627696
0.700818
0.721286
0.729349
0.70728
0.657195
0.686336
0.563262
0.54871
0.548762
0.57363
0.565996
0.417711
0.291475
0.505117
0.381628
0.300957
0.396349
0.585241
0.539283
0.692933
0.655799
0.505676
0.647072
0.660801
0.608163
0.718775
0.759838
0.645075
0.700846
0.531391
0.701569
0.733604
0.731313
0.551997
0.617997
0.595357
0.585426
0.697027
0.685761
0.72467
0.711273
0.709403
0.634543
0.699889
0.572633
0.485997
0.617582
0.650509
0.743855
0.866849
0.732131
0.8309
0.924199
0.772792
0.658102
0.668308
0.674389
0.611839
0.575792
0.539294
0.512532
0.504074
0.475683
0.598153
0.718492
0.643636
0.754987
0.763525
0.754674
0.833068
0.713335
0.695248
0.727293
0.665363
0.575533
0.546276
0.487952
0.393917
0.354408
0.561545
0.516286
0.556163
0.644705
0.616215
0.671264
0.65982
0.667314
0.773366
0.776168
0.618492
0.571571
0.456566
0.462007
0.551012
0.670152
0.60457
0.618546
0.679878
0.588938
0.673213
0.637776
0.579776
0.746895
0.742385
0.845211
0.821718
0.743957
0.817767
0.730917
0.714246
0.65669
0.600181
0.517614
0.588011
0.538457
0.547034
0.58412
0.666165
0.676285
0.669659
0.727439
0.837271
0.760063
0.67295
0.628124
0.656795
0.904702
0.856396
0.876466
0.929929
0.991465
0.806596
0.766254
0.667934
0.655398
0.62047
0.616248
0.676757
0.566756
0.573779
0.521237
0.413283
0.426379
0.453083
0.463426
0.560533
0.613979
0.59623
0.684506
0.725352
0.686669
0.669187
0.736626
0.731436
0.657758
0.67295
0.643146
0.808356
0.808761
0.79271
0.855318
0.793016
0.855688
0.704829
0.70759
0.6586
0.709204
0.709879
0.632442
0.640363
0.807307
0.606448
0.756094
0.476633
0.634397
0.606954
0.589522
0.601888
0.640142
0.656526
0.671516
0.742728
0.845364
0.86389
0.870891
0.782256
0.785127
1
0.794992
0.70533
0.707876
0.82548
0.954181
0.835005
0.781959
0.885768
0.903863
0.772653
0.817235
0.870812
0.835399
0.749291
0.659027
0.540124
0.678088
0.620955
0.660157
0.618369
0.691445
0.880574
0.794099
0.740308
0.84256
0.911684
0.792989
0.840645
0.826011
0.845272
0.858981
0.891186
0.925652
0.960466
0.766991
0.610529
0.383122
0.465737
0.494646
0.651173
0.683006
0.790632
0.604651
0.506889
0.494082
0.438322
0.43862
0.354334
0.272701
0
0.409169
0.424747
0.3197
0.32722
0.280914
0.384344
0.380119
0.364949
0.509646
0.503767
0.483598
0.457182
0.578313
0.544643
0.460001
0.452746
0.438496
0.596349
0.619331
0.541846
0.46246
0.477554
0.410721
0.48643
0.546005
0.557794
0.626313
0.515714
0.515305
0.483219
0.404805
0.501313
0.373768
0.328197
0.414748
0.438461
0.398618
0.431951
0.437168
0.471842
0.50029
0.535261
0.598382
0.582542
0.545272
0.636246
0.644384
0.551028
0.591917
0.598074
0.611249
0.598791
0.629889
0.668606
0.565753
0.622188
0.705033
0.59691
0.576539
0.669214
0.747783
0.754281
0.69707
0.739281
0.586334
0.45559
0.494859
0.405429
0.596058
0.573268
0.535374
0.741909
0.677335
0.642294
0.552727
0.668391
0.77022
0.709962
0.656706
0.75213
0.881429
0.755072
0.644407
0.591085
0.629037
0.740645
0.726092
0.784565
0.807476
0.734881
0.841036
0.702722
0.642203
0.611528
0.581386
0.495551
0.405116
0.265438
0.480361
0.344449
0.299568
0.36696
0.52246
0.564878
0.669442
0.585133
0.495249
0.686181
0.75854
0.637821
0.693482
0.685866
0.788925
0.731131
0.547591
0.750249
0.870009
0.713242
0.56238
0.617978
0.626336
0.730693
0.730933
0.756554
0.761593
0.882106
0.812047
0.751549
0.698308
0.5821
0.548929
0.642392
0.788175
0.838051
0.885494
0.758562
0.827075
0.985593
0.854308
0.72103
0.706815
0.676779
0.597763
0.587922
0.521663
0.488018
0.454952
0.484684
0.571732
0.741298
0.695513
0.748068
0.757169
0.745527
0.834781
0.706878
0.72094
0.779446
0.702405
0.54007
0.569503
0.552511
0.374488
0.355324
0.508548
0.434722
0.568944
0.616186
0.642691
0.702022
0.657006
0.641082
0.752622
0.722852
0.677944
0.616947
0.514652
0.503882
0.545206
0.664163
0.603984
0.582113
0.709141
0.671473
0.695532
0.689044
0.607478
0.788686
0.713512
0.80648
0.734089
0.670562
0.758524
0.708505
0.663902
0.663666
0.627397
0.559512
0.610403
0.555254
0.586249
0.600642
0.607844
0.670458
0.618887
0.68595
0.742645
0.704555
0.625576
0.572982
0.616289
0.764687
0.810012
0.841254
0.851838
0.907138
0.762514
0.768505
0.687497
0.668006
0.635514
0.591279
0.700879
0.599853
0.563488
0.508031
0.425254
0.510634
0.519998
0.558211
0.593965
0.564183
0.608097
0.661114
0.693862
0.6505
0.649037
0.725779
0.684569
0.608935
0.570655
0.583836
0.778032
0.831688
0.811043
0.900475
0.839441
0.822726
0.638197
0.720213
0.66902
0.710668
0.676316
0.610037
0.645902
0.783242
0.607647
0.796784
0.472181
0.466821
0.600086
0.561217
0.559372
0.643522
0.662546
0.758007
0.825611
0.835002
0.802414
0.737108
0.767686
0.979908
0.78818
0.721062
0.714963
0.820206
0.958599
0.842281
0.812544
0.926113
0.937573
0.804187
0.87405
0.942045
0.918716
0.837231
0.851593
0.615768
0.748627
0.659198
0.673418
0.618369
0.717884
0.878266
0.809976
0.795738
0.878931
0.941207
0.812689
0.849803
0.808303
0.878937
0.90267
0.890274
0.940574
0.936355
0.745892
0.669764
0.49397
0.535898
0.698571
0.727926
0.906962
0.694671
0.562523
0.569259
0.511841
0.42686
0.388147
0.331009
0
0.473627
0.464132
0.335571
0.321557
0.300151
0.30268
0.308534
0.384598
0.506099
0.415834
0.590534
0.552791
0.499349
0.548794
0.706945
0.621046
0.504581
0.578163
0.497557
0.590797
0.735527
0.464067
0.4476
0.391916
0.46086
0.608892
0.618602
0.591241
0.666153
0.572372
0.555869
0.520286
0.457828
0.505493
0.392324
0.38906
0.480286
0.480897
0.442597
0.423648
0.48269
0.500771
0.501284
0.486708
0.583808
0.522785
0.514466
0.618208
0.644405
0.598401
0.636463
0.644779
0.644875
0.600064
0.648154
0.671233
0.576776
0.627576
0.765329
0.638405
0.602053
0.747401
0.813487
0.849716
0.757811
0.742569
0.63772
0.513921
0.434873
0.369875
0.518658
0.594656
0.533856
0.675594
0.627925
0.628726
0.526827
0.609737
0.721757
0.680456
0.649998
0.751589
0.872522
0.716821
0.63772
0.605303
0.618528
0.747975
0.757106
0.825012
0.861122
0.801148
0.888073
0.709685
0.692455
0.636744
0.588249
0.547271
0.448711
0.315327
0.569509
0.422846
0.325656
0.406855
0.571989
0.632058
0.742057
0.626079
0.606781
0.689304
0.769089
0.736668
0.813612
0.934413
0.83116
0.846413
0.708776
0.929428
0.927489
0.806488
0.722874
0.687919
0.664144
0.712834
0.704359
0.721333
0.742006
0.90843
0.751541
0.765889
0.688535
0.604769
0.593178
0.660567
0.806382
0.82148
0.80347
0.699595
0.82418
0.893158
0.771759
0.70173
0.58848
0.644498
0.604857
0.588522
0.515179
0.498531
0.514698
0.505036
0.573056
0.642102
0.61292
0.682338
0.75191
0.742958
0.779649
0.734546
0.796115
0.853212
0.772773
0.669426
0.582642
0.547143
0.435274
0.417843
0.586314
0.539573
0.652764
0.715768
0.664847
0.810659
0.652434
0.608729
0.717216
0.7405
0.557216
0.537139
0.420828
0.423104
0.550888
0.670323
0.662812
0.699566
0.710399
0.578088
0.653161
0.636973
0.591954
0.697258
0.679507
0.774138
0.680764
0.618297
0.728406
0.792613
0.762547
0.756525
0.710825
0.647727
0.708335
0.609229
0.631072
0.618012
0.680595
0.687328
0.619405
0.652444
0.691354
0.712136
0.605212
0.539482
0.579874
0.742356
0.782424
0.780964
0.756514
0.811808
0.839814
0.785306
0.760186
0.719205
0.69332
0.593601
0.720193
0.58696
0.580295
0.535704
0.450671
0.501131
0.48022
0.513995
0.647297
0.580661
0.588871
0.668243
0.756265
0.67669
0.630153
0.728829
0.722718
0.608935
0.613152
0.611575
0.758377
0.790164
0.818454
0.882904
0.856816
0.866526
0.724242
0.740526
0.700414
0.732321
0.698437
0.639388
0.647504
0.768185
0.596392
0.730344
0.470741
0.628595
0.609753
0.638538
0.616841
0.655831
0.672432
0.702311
0.787334
0.826127
0.809136
0.840875
0.766761
0.771302
0.922091
0.765531
0.672637
0.71331
0.816392
0.880352
0.776716
0.801319
0.888422
0.829979
0.716397
0.793502
0.855086
0.793062
0.710935
0.69826
0.56159
0.702311
0.626087
0.648059
0.607343
0.691445
0.846334
0.801449
0.730033
0.812153
0.895666
0.767157
0.768989
0.782802
0.84464
0.867361
0.835712
0.933533
0.922113
0.770975
0.628948
0.547263
0.399517
0.496392
0.534415
0.679456
0.710951
0.83167
0.689374
0.590921
0.564906
0.521968
0.42231
0.354832
0.276135
0
0.466346
0.465861
0.279829
0.324738
0.27839
0.269399
0.313723
0.358976
0.450271
0.495807
0.464829
0.553771
0.517532
0.531373
0.490011
0.597378
0.546207
0.514108
0.514548
0.468114
0.514458
0.632923
0.493133
0.387352
0.354498
0.411898
0.540237
0.58167
0.587244
0.666915
0.57631
0.603717
0.543576
0.493133
0.498805
0.399587
0.378849
0.425598
0.440944
0.417354
0.44166
0.481502
0.489916
0.474739
0.510501
0.596348
0.534049
0.518895
0.620466
0.644506
0.544421
0.571984
0.575559
0.61012
0.578223
0.62959
0.652301
0.5604
0.610847
0.742758
0.603279
0.613294
0.728452
0.763125
0.787641
0.743542
0.766448
0.673001
0.564519
0.480918
0.401915
0.574011
0.578565
0.55365
0.74608
0.706577
0.647127
0.546568
0.653458
0.757966
0.677432
0.641211
0.737002
0.860863
0.715737
0.61726
0.585235
0.604419
0.748864
0.763308
0.805966
0.789933
0.770055
0.838143
0.675731
0.657738
0.634041
0.571629
0.538501
0.421257
0.27892
0.574228
0.450487
0.363881
0.477627
0.581317
0.590702
0.716402
0.654478
0.589541
0.678273
0.80475
0.67961
0.756515
0.819241
0.784939
0.765569
0.563498
0.767269
0.875045
0.751747
0.586984
0.680008
0.645628
0.714302
0.747395
0.730663
0.751185
0.860915
0.783305
0.78916
0.716353
0.593762
0.541169
0.641987
0.797582
0.829485
0.821538
0.734163
0.845424
0.952334
0.81817
0.758695
0.646225
0.658308
0.575266
0.555341
0.549059
0.503444
0.487951
0.493073
0.566398
0.714515
0.672338
0.7489
0.79337
0.709836
0.78996
0.725544
0.719368
0.788506
0.716293
0.569393
0.563942
0.554571
0.391156
0.36671
0.586923
0.480411
0.602114
0.593434
0.589396
0.734783
0.638469
0.622114
0.709096
0.646508
0.637991
0.596653
0.516753
0.500928
0.549974
0.67431
0.580728
0.584472
0.687132
0.599923
0.667757
0.63774
0.585786
0.741739
0.733781
0.790611
0.74576
0.66034
0.758716
0.707044
0.735723
0.661184
0.621272
0.558995
0.614331
0.563441
0.572876
0.571627
0.586454
0.613191
0.619405
0.62521
0.724905
0.628632
0.641663
0.590535
0.671541
0.780517
0.79205
0.80478
0.822572
0.853184
0.812757
0.760922
0.699803
0.67693
0.675716
0.589648
0.70157
0.565829
0.541911
0.509249
0.452677
0.47361
0.517387
0.555036
0.582803
0.55222
0.585058
0.664076
0.702076
0.651959
0.61733
0.684108
0.690075
0.613677
0.547721
0.568313
0.734035
0.774294
0.813615
0.855669
0.7921
0.844519
0.708543
0.736671
0.691688
0.759878
0.719
0.642771
0.660476
0.777914
0.56418
0.632442
0.521743
0.581693
0.568905
0.589888
0.625881
0.646412
0.692653
0.786994
0.783597
0.811625
0.75213
0.769024
0.94581
0.776879
0.708009
0.717292
0.818187
0.896896
0.781242
0.764215
0.865077
0.896156
0.763203
0.851825
0.869461
0.79193
0.717631
0.612406
0.504614
0.665876
0.594938
0.6142
0.603606
0.665876
0.818052
0.747348
0.717391
0.807089
0.889285
0.778382
0.774688
0.769201
0.823965
0.866957
0.82802
0.947578
0.962666
0.783005
0.679949
0.498423
