0.322351
0.326223
0.387692
0.370739
0.36748
0.430171
0.465684
0.41495
0.398157
0.382956
0.36569
0.325534
0.321319
0.301441
0.365225
0.375894
0.426217
0.421789
0.438805
0.458129
0.373942
0.357391
0.367138
0.329259
0.285371
0.272527
0.349184
0.45121
0.484175
0.452964
0.419975
0.4126
0.39179
0.377774
0.336496
0.323318
0.389049
0.350438
0.389613
0.425606
0.486034
0.533589
0.449444
0.427535
0.360005
0.362037
0.366712
0.451697
0.415773
0.424762
0.333097
0.368754
0.403618
0.455986
0.468606
0.517396
0.464101
0.30364
0.259058
0.272375
0.306647
0.313197
0.31302
0.34644
0.329922
0.419395
0.477535
0.469135
0.626759
0.513466
0.602713
0.505001
0.472595
0.450045
0.532523
0.609994
0.523241
0.40644
0.433828
0.62491
0.63913
0.702414
0.645128
0.645816
0.587182
0.7043
0.684265
0.652236
0.562405
0.640045
0.578123
0.592889
0.525514
0.572623
0.631734
0.589832
0.563331
0.534052
0.610301
0.604073
0.58671
0.548378
0.656512
0.572235
0.552092
0.634718
0.690029
0.574532
0.572294
0.610041
0.690908
0.659715
0.737296
0.700887
0.641262
0.792599
0.882576
0.810191
0.804211
0.992006
0.90517
0.75522
0.754572
0.819941
0.601919
0.575085
0.527841
0.585432
0.670288
0.653992
0.681212
0.676212
0.759393
0.798039
0.757212
0.847177
0.910359
0.928567
0.86109
0.953992
0.915631
0.810545
0.729015
0.819671
0.840286
0.651551
0.666019
0.762002
0.753179
0.611997
0.815384
0.642133
0.61149
0.57356
0.596247
0.648338
0.65244
0.631009
0.754284
0.748554
0.659667
0.670615
0.807485
0.858914
0.623588
0.722637
0.814564
0.81403
0.656922
0.712397
0.879179
0.757097
0.728621
0.781351
0.785074
0.579952
0.656178
0.671665
0.553571
0.547142
0.514843
0.550185
0.53361
0.705468
0.611608
0.567266
0.634734
0.579931
0.497541
0.522549
0.607864
0.558801
0.566505
0.598318
0.599132
0.702033
0.693813
0.575712
0.629622
0.691564
0.557689
0.504225
0.555465
0.40689
0.406447
0.372458
0.370357
0.357941
0.527713
0.411712
0.483938
0.519503
0.505351
0.505525
0.55323
0.585651
0.490955
0.518543
0.524988
0.646239
0.557509
0.476396
0.579439
0.621806
0.481681
0.339324
0.434908
0.398564
0.291744
0.355891
0.395772
0.460948
0.51246
0.711632
0.583701
0.575683
0.830919
0.857334
0.674442
0.707425
0.846059
0.773523
0.566002
0.696747
0.739414
0.870518
0.838009
0.826648
0.975128
0.977663
0.925014
0.983585
1
0.90074
0.848702
0.898892
0.894912
0.834869
0.810994
0.587835
0.632582
0.433636
0.396842
0.606176
0.562372
0.471016
0.375454
0.349394
0.324056
0.318699
0.247593
0.290292
0.317267
0.300714
0.304111
0.293183
0.290988
0.300044
0.288393
0.299234
0.299638
0.280403
0.261696
0.29338
0.28003
0.292621
0.319651
0.30574
0.318457
0.296206
0.318502
0.289371
0.294125
0.327539
0.274492
0.253667
0.290373
0.260354
0.206254
0.246955
0.350414
0.34923
0.288948
0.220227
0
0.245509
0.198355
0.356641
0.246479
0.285186
0.367589
0.45608
0.42105
0.298293
0.366077
0.320723
0.399422
0.448725
0.427542
0.412306
0.493522
0.499726
0.410332
0.445759
0.550729
0.466332
0.38598
0.497977
0.447503
0.405568
0.315684
0.308379
0.367017
0.309378
0.314353
0.344821
0.305622
0.321934
0.319936
0.315857
0.305767
0.288529
0.337691
0.321231
0.31834
0.304898
0.344419
0.353039
0.326699
0.315734
0.30113
0.303039
0.311546
0.28645
0.25819
0.300058
0.270591
0.36783
0.3997
0.318471
0.272691
0
0.325237
0.471533
0.361289
0.330342
0.401914
0.51509
0.451966
0.404812
0.498493
0.518705
0.492727
0.530655
0.524172
0.402642
0.559161
0.551522
0.437402
0.486647
0.693672
0.655918
0.567795
0.73703
0.558165
0.484907
0.525138
0.710089
0.640449
0.53032
0.789623
0.788399
0.665768
0.553581
0.671623
0.647198
0.606161
0.64543
0.690224
0.570558
0.50369
0.436002
0.519921
0.400218
0.370499
0.413689
0.238099
0.314047
0.399308
0.419297
0.509499
0.523294
0.579087
0.502154
0.534659
0.473725
0.512607
0.656308
0.55655
0.705814
0.531841
0.468527
0.504437
0.567124
0.482547
0.542089
0.332258
0.348851
0.372148
0.399449
0.377841
0.432215
0.514056
0.471138
0.464893
0.459133
0.412086
0.366093
0.354108
0.351257
0.409839
0.465609
0.535157
0.483337
0.457816
0.481523
0.46679
0.490359
0.463582
0.442621
0.380046
0.371075
0.502408
0.510898
0.538836
0.508508
0.535151
0.471263
0.449887
0.497326
0.449446
0.416984
0.383383
0.351615
0.408828
0.35956
0.440477
0.433919
0.41498
0.362514
0.306455
0.364261
0.264188
0.332177
0.430383
0.461344
0.353411
0.398365
0.533258
0.557371
0.608856
0.639426
0.55495
0.452061
0.385196
0.36119
0.342312
0.366776
0.391685
0.393013
0.466303
0.520113
0.556091
0.539221
0.751582
0.598978
0.710609
0.583497
0.585829
0.491646
0.60706
0.585488
0.49046
0.468547
0.499058
0.67382
0.720551
0.707725
0.68435
0.762553
0.661402
0.758491
0.769316
0.716934
0.623434
0.659334
0.72734
0.709019
0.650639
0.611925
0.718621
0.597505
0.56362
0.514545
0.612041
0.648559
0.584807
0.531088
0.644957
0.57282
0.558976
0.525794
0.584512
0.521005
0.506897
0.509912
0.521933
0.537161
0.59244
0.587942
0.513873
0.656937
0.771659
0.701101
0.627124
0.906557
0.803985
0.641984
0.87144
0.955274
0.636788
0.590689
0.561148
0.62342
0.781328
0.803216
0.805385
0.776743
0.830907
0.88483
0.873325
0.933489
0.928701
0.957648
0.840981
0.93632
0.921217
0.750717
0.717096
0.694332
0.798283
0.532702
0.617916
0.704958
0.68387
0.604025
0.736773
0.539875
0.658488
0.55508
0.625546
0.67623
0.636185
0.605473
0.701537
0.738936
0.59306
0.635809
0.779465
0.787424
0.620723
0.561018
0.680395
0.6687
0.616726
0.623688
0.779612
0.811054
0.743011
0.767064
0.73557
0.567407
0.632027
0.639775
0.569024
0.534285
0.520261
0.566911
0.513124
0.687147
0.518027
0.480515
0.540329
0.549499
0.451809
0.493937
0.586869
0.560848
0.599732
0.618228
0.597629
0.592013
0.598564
0.559699
0.566883
0.641242
0.581361
0.458763
0.477024
0.391315
0.362818
0.354351
0.321487
0.299174
0.390096
0.341101
0.541805
0.519739
0.502881
0.537688
0.600788
0.611005
0.540938
0.552731
0.60301
0.680047
0.57147
0.498791
0.65258
0.549451
0.425229
0.363589
0.493741
0.447239
0.285929
0.359036
0.392785
0.42327
0.515602
0.634946
0.552662
0.564317
0.811489
0.702812
0.644882
0.803074
0.892759
0.730094
0.591454
0.673762
0.708728
0.824808
0.796719
0.789547
0.961588
0.906881
0.891238
0.798746
0.927837
0.892519
0.750507
0.860864
0.840794
0.777068
0.755171
0.712622
0.788349
0.459396
0.462768
0.692755
0.677245
0.501076
0.403293
0.347236
0.33522
0.338183
0.257744
0.291218
0.333651
0.331963
0.315657
0.29734
0.305382
0.309869
0.29051
0.300229
0.312623
0.305619
0.289477
0.326456
0.306348
0.332596
0.311736
0.345765
0.327384
0.330304
0.313496
0.31116
0.317236
0.31903
0.289765
0.241509
0.289225
0.2353
0.188117
0.215581
0.337342
0.333465
0.279384
0.207623
0
0.242365
0.232725
0.359422
0.296683
0.329276
0.346948
0.463864
0.515809
0.395869
0.434395
0.367821
0.444425
0.485229
0.454356
0.482469
0.500813
0.51201
0.393033
0.44226
0.600828
0.522376
0.425467
0.547465
0.553636
0.434477
0.332585
0.338549
0.40825
0.373967
0.311781
0.335611
0.316816
0.331122
0.335436
0.321987
0.374052
0.360403
0.367544
0.32627
0.341833
0.34237
0.335626
0.355042
0.339975
0.311861
0.323049
0.332818
0.313683
0.307853
0.271593
0.295223
0.303223
0.323416
0.441192
0.337811
0.277085
0
0.324947
0.495593
0.382957
0.362252
0.434912
0.566135
0.461329
0.446131
0.620065
0.602628
0.497042
0.495313
0.45096
0.466236
0.597857
0.683304
0.548382
0.614924
0.781566
0.642223
0.532762
0.675311
0.571764
0.522547
0.507912
0.695567
0.679236
0.573522
0.696006
0.757169
0.708508
0.617595
0.672681
0.727824
0.66967
0.653292
0.684897
0.559375
0.521622
0.473553
0.487963
0.345557
0.319007
0.39654
0.240638
0.314711
0.333319
0.423288
0.419836
0.376536
0.436114
0.42073
0.402628
0.33685
0.459328
0.562926
0.491542
0.618468
0.52401
0.54303
0.540789
0.525036
0.442353
0.560129
