0.24129
0.24129
0.24129
0.301613
0.342462
0.431511
0.50538
0.571814
0.679467
0.771537
0.850639
0.914164
0.938764
0.913656
0.929201
0.956307
0.988269
0.90452
0.918411
0.910417
0.843268
0.874825
0.664712
0.60999
0.698306
0.62883
0.643761
0.64041
0.583826
0.602712
0.547673
0.597751
0.616444
0.591137
0.525955
0.539474
0.617585
0.621193
0.612541
0.585013
0.551524
0.571282
0.547889
0.727103
0.849622
0.840467
0.87341
0.676846
0.671806
0.700193
0.821909
0.84996
0.835707
0.79721
0.732686
0.714474
0.603169
0.78394
0
0.464529
0.875169
0.60822
0.440781
0.658783
0.587858
0.663196
0.668008
0.770331
0.891648
0.772323
0.810236
0.691819
0.756242
0.742519
0.861202
0.73631
0.843396
0.758029
0.747188
0.636891
0.653864
0.683422
0.640214
0.657141
0.741319
0.635735
0.468452
0.405856
0
0.597491
0.851309
0.788364
0.852541
0.775648
0.790021
0.679338
0.660732
0.621769
0.628291
0.757774
0.866415
0.865841
0.810657
0.909279
0.873922
0.661639
0.673623
0.503493
0.554294
0.778526
0.616989
0.586923
0.667961
0.719503
0.749966
0.787432
0.761729
0.852952
0.815264
0.67039
0.788155
0.710876
0.724438
0.747432
0.651879
0.594362
0.64201
0.678223
0.786068
0.757691
0.71152
0.69114
0.86374
0.859748
0.858316
0.757736
0.74663
0.681568
0.659132
0.590094
0.566888
0.499501
0.547057
0.434988
0.403168
0.466719
0.422967
0.404969
0.3876
0.364188
0.519361
0.609064
0.728624
0.741351
0.762091
0.782533
0.764331
0.642085
0.6083
0.574332
0.609429
0.651124
0.551956
0.531075
0.54388
0.656513
0.831039
0.940344
0.91527
0.855058
0.997999
1
0.918467
0.86968
0.877244
0.845914
0.775171
0.648652
0.581727
0.437696
0.417675
0.486451
0.443616
0.436167
0.414832
0.422984
0.439568
0.423712
0.388235
0.415713
0.454005
0.58806
0.607934
0.546554
0.549488
0.641761
0.733876
0.679888
0.684032
0.639557
0.588136
0.554373
0.637002
0.59614
0.546363
0.609246
0.751277
0.668826
0.612776
0.76471
0.798889
0.654274
0.631889
0.524425
0.603857
0.650648
0.551281
0.511859
0.455247
0.483698
0.500621
0.489534
0.532792
0.520366
0.493442
0.459797
0.473367
0.439553
0.463653
0.492238
0.495378
0.496744
0.509312
0.549256
0.499526
0.493718
0.502432
0.528401
0.498778
0.503797
0.516824
0.525763
0.530537
0.539345
0.563893
0.515377
0.467908
0.483577
0.447005
0.466708
0.488735
0.494919
0.464244
0.450091
0.447381
0.436501
0.381106
0.418452
0.464457
0.462376
0.491021
0.516635
0.496601
0.473641
0.494047
0.455883
0.491241
0.443824
0.474553
0.438624
0.443837
0.41707
0.465203
0.50073
0.541784
0.513119
0.513277
0.49794
0.474784
0.48081
0.489626
0.513081
0.498489
0.466708
0.450542
0.396109
0.365478
0.396109
0.365478
0.407777
0.413053
0.483577
0.511087
0.503041
0.465266
0.454728
0.533463
0.564408
0.446384
0.436345
0.336899
0.374344
0.430966
0.385225
0.508509
0.505302
