0.405724
0.432712
0.376259
0.490271
0.486903
0.510739
0.581606
0.557491
0.560234
0.685494
0.558802
0.593229
0.549126
0.560305
0.539259
0.458886
0.416243
0.506015
0.458253
0.426893
0.423162
0.464504
0.495249
0.455062
0.446542
0.530457
0.48292
0.532418
0.497434
0.439053
0.465735
0.423914
0.391741
0.270237
0.291295
0.393561
0.482471
0.52401
0.460774
0.520489
0.576793
0.613221
0.548683
0.466959
0.485771
0.630687
0.59195
0.640276
0.764157
0.555652
0.571043
0.500681
0.406558
0.495249
0.39536
0.359847
0.337847
0.300848
0.363312
0.361014
0.501218
0.479458
0.539679
0.559322
0.696002
0.583778
0.681823
0.442491
0.543495
0.526007
0.635582
0.589704
0.588566
0.511083
0.535173
0.597336
0.670668
0.609564
0.59747
0.715198
0.516419
0.631537
0.572459
0.599238
0.548865
0.602935
0.577132
0.562834
0.54665
0.555851
0.616029
0.663888
0.621224
0.704232
0.660798
0.706402
0.616446
0.579396
0.541834
0.518595
0.481382
0.388942
0.709301
0.652917
0.568643
0.612711
0.561369
0.533825
0.407161
0.339765
0.262505
0.322197
0.454418
0.576793
0.658138
0.671911
0.60957
0.593655
0.534854
0.598736
0.619437
0.500142
0.502291
0.557949
0.678058
0.661306
0.662842
0.631137
0.687817
0.600419
0.728592
0.614534
0.529966
0.582911
0.583778
0.685574
0.635523
0.740144
0.751877
0.723468
0.683693
0.663992
0.722381
0.687817
0.643897
0.72216
0.649369
0.768313
0.623063
0.548494
0.509882
0.591304
0.759373
0.712391
0.668704
0.710237
0.721054
0.708775
0.743334
0.78394
0.743605
0.657067
0.669319
0.713099
0.735553
0.641982
0.619842
0.537391
0.556113
0.577931
0.5491
0.460059
0.469738
0.770405
0.691035
0.601213
0.525484
0.57259
0.516419
0.53447
0.508382
0.555557
0.619922
0.584874
0.638175
0.627397
0.44878
0.449041
0.474031
0.513253
0.506295
0.497392
0.54845
0.537935
0.452365
0.543108
0.481585
0.51638
0.570133
0.544993
0.609475
0.509506
0.61896
0.705737
0.76285
0.837147
0.789346
0.871041
0.797095
0.603353
0.559322
0.660537
0.759828
0.851347
0.79514
0.777497
0.653613
0.643857
0.683908
0.680536
0.727111
0.608823
0.698745
0.591884
0.670935
0.655552
0.634931
0.596533
0.606745
0.60189
0.609425
0.672412
0.695132
0.691837
0.699485
0.700725
0.639218
0.712932
0.762036
0.701155
0.749632
0.768304
0.738989
0.735903
0.725183
0.691057
0.597578
0.637072
0.707124
0.718863
0.728927
0.711866
0.760335
0.851135
0.774315
0.75212
0.807077
0.77039
0.728953
0.632577
0.683368
0.829
0.596454
0.60263
0.661358
0.636438
0.687548
0.758321
0.715176
0.684825
0.724669
0.686961
0.927558
0.838286
0.824654
0.926608
0.799468
0.815137
0.704883
0.74629
0.631614
0.638528
0.517116
0.530407
0.608564
0.482078
0.577442
0.59533
0.56879
0.574551
0.540715
0.61012
0.624104
0.625503
0.600311
0.585742
0.695214
0.778335
0.610441
0.567469
0.66169
0.660921
0.841683
0.719293
0.746235
0.727416
0.678211
0.555069
0.595849
0.473783
0.366731
0.363249
0.41683
0.406255
0.431349
0.462204
0.426776
0.400508
0.557905
0.431702
0.528001
0.551715
0.518276
0.495881
0.470128
0.495842
0.515354
0.468105
0.441409
0.567615
0.561109
0.550788
0.56906
0.590827
0.563627
0.563252
0.577321
0.552244
0.582071
0.566658
0.57915
0.596508
0.673592
0.661967
0.570812
0.551803
0.381821
0.2784
0.367585
0.392014
0.448629
0.446748
0.578119
0.56403
0.663329
0.509887
0.431984
0.442714
0.444447
0.465699
0.467357
0.652582
0.659114
0.653238
0.628351
0.614837
0.758158
0.742492
0.577692
0.648677
0.725456
0.668793
0.689859
0.638633
0.617131
0.495252
0.435406
0.409423
0.442479
0.432612
0.483993
0.558767
0.555879
0.709245
0.543981
0.584044
0.465168
0.381147
0.437819
0.489353
0.631554
0.608998
0.571068
0.43562
0.632465
0.700659
0.781205
0.685624
0.767385
0.655753
0.811958
0.822749
0.699459
0.684849
0.762453
0.733821
0.709599
0.720513
0.725042
0.66676
0.631557
0.584888
0.518667
0.547183
0.494849
0.525191
0.581685
0.54225
0.540703
0.644084
0.568791
0.544409
0.442128
0.483131
0
0.429
0.627471
0
0.29484
0.467464
0.496651
0.393667
0.518401
0.447693
0.478054
0.575121
0.618488
0.541386
0.529788
0.446009
0.457866
0.469845
0.568613
0.517401
0.566436
0.607819
0.514938
0.560518
0.515984
0.687322
0.54093
0.704968
0.610136
0.56786
0.405852
0.395246
0.460347
0.54079
0.585523
0.552792
0.494367
0.421856
0.461546
0.451776
0.494451
0.534141
0.567262
0.532646
0.48897
0.593287
0.625352
0.603838
0.562257
0.439181
0.397339
0.491227
0.586598
0.60855
0.572636
0.498058
0.779705
0.68928
0.595824
0.720401
0.780508
0.707969
0.58569
0.619417
0.788474
0.660208
0.658036
0.626355
0.685608
0.637095
0.603074
0.603651
0.553869
0.569871
0.550859
0.574825
0.707113
0.665603
0.628744
0.568678
0.70273
0.630308
0.730679
0.49861
0.429165
0.606798
0.601363
0.598915
0.695368
0.648247
0.539035
0.651316
0.760168
0.794503
0.727497
0.640074
0.604802
0.586293
0.452309
0.577463
0.594778
0.73736
0.639373
0.816973
0.561935
0.610814
0.805872
0.758086
0.650478
0.753281
0.761813
0.652186
0.586575
0.830306
0.775589
0.63256
0.698688
0.875276
0.75254
0.683143
0.828176
0.793983
0.932839
0.839792
0.818731
0.697238
0.601323
0.545437
0.787033
0.82095
0.716458
0.577994
0.51788
0.470713
0.509317
0.825414
0.820627
0.853472
0.840708
0.890025
0.846712
0.909818
0.901598
0.89088
0.843705
0.914148
0.939661
0.890586
0.754564
0.733489
0.810306
0.875067
0.778874
0.703628
0.634987
0.685125
0.618448
0.667562
0.602377
0.486458
0.464245
0.616966
0.565915
0.566662
0.755744
0.699892
0.721669
0.724759
0.670123
0.759366
0.747228
0.7325
0.793965
0.898774
0.834144
0.789088
0.848158
0.870588
0.790821
0.782674
0.812104
0.731568
0.674324
0.783347
0.826322
0.832193
0.742809
0.903322
1
0.921851
0.851888
0.90556
0.904856
0.878798
0.894697
0.888669
0.778415
0.766034
0.805041
0.742913
0.755465
0.733711
0.699849
0.668848
0.76053
0.97184
0.862606
0.934091
0.81157
0.808155
0.842573
0.806511
0.827744
0.829976
0.812238
0.57459
0.685199
0.582476
0.637692
0.774444
0.746239
0.583825
0.64626
0.662178
0.720391
0.850776
0.767093
0.957765
0.906158
0.955109
0.782117
0.784626
0.8521
0.888294
0.804987
0.839264
0.841672
0.858459
0.809451
0.715625
0.684508
0.642934
0.705963
0.65164
0.73429
0.80854
0.719115
0.782274
0.822707
0.811307
0.771234
0.621875
0.579424
0.632336
0.779654
0.762072
0.664758
0.687038
0.603353
0.598314
0.631137
0.519983
0.556572
0.411471
0.693405
0.522003
0.588525
0.631137
0.728529
0.559322
0.688191
0.629135
0.727085
0.662458
0.696002
0.717297
0.662842
0.803343
0.755702
0.8686
0.811274
0.828873
0.841633
0.871349
0.834959
0.859399
0.710682
0.806462
0.801262
0.802892
0.737162
0.691173
0.775449
0.767011
0.827675
0.808986
0.822353
0.840384
0.737521
0.643821
0.686063
0.728317
0.758386
0.81491
0.63976
0.724575
0.741616
0.805189
0.634582
0.687185
0.623495
0.799527
0.722744
0.707799
0.725639
0.727807
0.772289
0.667052
0.614534
0.490829
0.533394
0.573705
0.615763
0.712557
0.63433
0.68295
0.658611
0.811429
0.823615
0.756621
0.80242
0.793762
0.850171
0.690942
0.649756
0.599336
0.541684
0.661643
0.738606
0.616621
0.663361
0.699926
0.646164
0.746589
0.732133
0.669721
0.627126
0.623495
0.688937
0.606272
0.657453
0.480039
0.431274
0.43626
0.502291
0.597047
0.533882
0.58117
0.48292
0.563414
0.578549
0.63592
0.605856
0.643428
0.535824
0.690975
0.705596
0.546333
0.512298
0.654358
0.544443
0.635125
0.527001
0.588525
0.620251
0.618215
0.636317
0.688191
0.66667
0.562054
0.429825
0.42012
0.398893
0.4452
0.375229
0.409033
0.484634
0.451825
0.470595
0.445872
0.417025
0.399763
0.403197
0.479458
0.414667
0.435556
0.471795
0.442491
0.489153
0.480617
0.435556
0.44385
0.531929
0.512816
0.571488
0.545389
0.517951
0.553805
0.501755
0.550553
0.464504
0.566571
0.544917
0.656294
0.590668
0.51846
0.492494
0.557032
0.510218
0.52401
0.486903
0.496343
0.431274
