0.267583
0.338785
0.394821
0.494239
0.635874
0.487788
0.421233
0.484553
0.48572
0.399057
0.475888
0.447786
0.445795
0.378278
0.420303
0.418039
0.477742
0.597319
0.523893
0.414024
0.600901
0.472829
0.434823
0.360077
0.465003
0.386176
0.404453
0.394018
0.343047
0.331197
0.743424
0.5007
0.578392
0.503269
0.524533
0.422008
0.318739
0.163127
0.258981
0.249681
0.218673
0.280236
0.301783
0.280732
0.278033
0.309817
0.25675
0.280804
0.324938
0.322499
0.340659
0.361431
0.406894
0.381309
0.457414
0.561066
0.382637
0.382108
0.352267
0.222336
0
0.174765
0.191856
0.19218
0.190942
0.128277
0.121127
0.190718
0.217954
0.221456
0.232861
0.231583
0.250865
0.240823
0.2497
0.201718
0.206786
0.288733
0.258364
0.241181
0.281628
0.342116
0.326149
0.279372
0.317303
0.372134
0.291456
0.252441
0.275675
0.24839
0.2993
0.266705
0.318845
0.310713
0.29848
0.304744
0.325312
0.195899
0.170156
0.21174
0.186843
0.23039
0.196259
0.207848
0.249913
0.150887
0.135275
0
0.11234
0.10845
0.152669
0.187538
0.201671
0.179591
0.179254
0.170383
0.161545
0.164169
0.171944
0.201522
0.176449
0.177679
0.175376
0.195729
0.172177
0.158698
0.139454
0.148808
0.17282
0.169614
0.171099
0.178581
0.17844
0.144293
0.15567
0.162494
0.140499
0.150664
0.175061
0.184643
0.199476
0.183548
0.166514
0.150377
0.132281
0.149268
0.173688
0.107138
0.187375
0.161834
0.168555
0.197727
0.174607
0.172611
0.188347
0.206208
0.187219
0.202775
0.224374
0.212429
0.193768
0.210024
0.280524
0.2183
0.198033
0.229263
0.297697
0.262205
0.219488
0.240068
0.222934
0.231481
0.224883
0.202832
0.185124
0.180785
0.175504
0.172988
0.16365
0.176656
0.188203
0.193668
0.190358
0.187837
0.219503
0.233136
0.233318
0.221016
0.206738
0.166151
0.186819
0.177347
0.140244
0.0985884
0.168989
0.125095
0.190927
0.265479
0.194518
0.247885
0.217976
0.195939
0.186468
0.171552
0.186408
0.228645
0.25087
0.223562
0.291662
0.273952
0.228215
0.233181
0.26156
0.295415
0.191767
0.237274
0.32311
0.248173
0.239216
0.225965
0.253436
0.240883
0.249396
0.238856
0.244827
0.253017
0.22944
0.299596
0.320965
0.252792
0.171576
0.272941
0.286067
0.281731
0.293735
0.325709
0.252726
0.253824
0.343366
0.247803
0.239735
0.303824
0.40036
0.286099
0.310901
0.326859
0.283562
0.226809
0.245883
0.296135
0.247643
0.267467
0.315508
0.343597
0.393027
0.424952
0.274778
0
0.316171
0.282174
0.275916
0.272141
0.290306
0.303437
0.341232
0.272445
0.361642
0.405261
0.310062
0.317317
0.415797
0.451049
0.344827
0.372151
0.372853
0.415507
0.455486
0.447812
0.330133
0.406438
0.260067
0.488587
0.238454
0.308765
0.459149
0.377242
0.349615
0.355432
0.364832
0.319578
0.329153
0.484062
0.413948
0.356035
0.681234
0.729767
0.571382
0.552619
0.759156
0.544152
0.537345
0.909984
0.618867
0.547887
0.484849
0.496285
0.532337
0.451766
0.412058
0.389216
0.421031
0.547359
0.432201
0.300259
0.194969
0
0.185923
0.567053
0.657103
0.228681
0.268494
0.388862
0.25172
0.18843
0.249747
0.261998
0.374835
0.444083
0.459665
0.496837
0.614978
0.76253
0.503388
0.618793
0.634961
0.771852
0.767523
0.862065
0.759859
0.854541
0.811189
0.983614
0.872074
0.616534
0.518726
0.498006
0.341881
0.256459
0.426441
0.253545
0.235676
0.451454
0.361112
0.248672
0.216123
0.275943
0.249326
0.288835
0.261913
0.305683
0.323636
0.395122
0.431368
0.438298
0.550602
0.592401
0.567766
0.555784
0.721155
0.762129
0.608212
0.721181
0.90011
0.727979
0.625102
0.770449
0.369631
0.418504
0.351094
0.422989
0.424469
0.395379
0.470488
0.438585
0.432198
0.384213
0.372299
0.450478
0.398931
0.409855
0.396891
0.322614
0.400602
0.360778
0.41144
0.462487
0.499631
0.502609
0.532234
0.552083
0.50345
0.54001
0.55129
0.513115
0.468291
0.52368
0.552998
0.50581
0.460149
0.505087
0.469709
0.41554
0.450607
0.413158
0.428071
0.45062
0.466326
0.42737
0.459264
0.424179
0.36152
0.365327
0.400873
0.36224
0.46039
0.437021
0.365857
0.441644
0.465396
0.466655
0.378688
0.42341
0.427275
0.436346
0.393444
0.408799
0.385414
0.433794
0.396598
0.396639
0.394747
0.350303
0.342088
0.340102
0.268383
0.28613
0.346987
0.343255
0.298845
0.295019
0.337495
0.315555
0.296327
0.357449
0.59012
0.494537
0.422117
0.361802
0.366115
0.341592
0.27652
0.295019
0.235583
0.287678
0.272134
0.2779
0.306175
0.232541
0.270665
0.343516
0.299991
0.306807
0.361516
0.40636
0.353339
0.341221
0.420858
0.438533
0.370863
0.393039
0.428117
0.440087
0.37155
0.378723
0.390356
0.354087
0.347932
0.307251
0.296049
0.335412
0.387195
0.313263
0.28466
0.267693
0.330159
0.388149
0.43715
0.446699
0.468079
0.5013
0.463864
0.364279
0.386186
0.311195
0.299127
0.279081
0.308695
0.305118
0.426243
0.499889
0.432654
0.448194
0.466445
0.435422
0.439569
0.392419
0.306386
0.367945
0.333878
0.210331
0.333394
0.330471
0.396258
0.534054
0.602557
0.443498
0.411051
0.500039
0.462755
0.459929
0.481746
0.462002
0.410479
0.390156
0.43751
0.420185
0.505053
0.632793
0.552392
0.418206
0.637957
0.470638
0.454915
0.360141
0.468145
0.368275
0.341854
0.361931
0.324246
0.325051
0.70702
0.571583
0.642003
0.416673
0.526763
0.407267
0.301856
0.146791
0.242493
0.256109
0.245121
0.259929
0.274789
0.294438
0.295681
0.324317
0.264539
0.30024
0.32691
0.361305
0.374723
0.382895
0.415784
0.450848
0.524585
0.602044
0.417435
0.407761
0.370404
0.209562
0
0.148265
0.177015
0.239761
0.176653
0.11656
0.117369
0.163388
0.276322
0.245854
0.244391
0.222725
0.23762
0.270585
0.26466
0.212395
0.225794
0.31083
0.261871
0.296622
0.33178
0.359764
0.333314
0.30841
0.339173
0.343006
0.292739
0.255153
0.270822
0.247042
0.306227
0.256349
0.291099
0.317517
0.294091
0.334155
0.320505
0.222475
0.180596
0.226135
0.186247
0.239925
0.176703
0.176081
0.239772
0.165202
0.117813
0
0.103524
0.103859
0.133605
0.146896
0.176372
0.172319
0.195443
0.184802
0.166348
0.13512
0.141426
0.145317
0.156182
0.174063
0.160346
0.161559
0.143398
0.155508
0.146053
0.131653
0.131124
0.133079
0.142239
0.131797
0.148607
0.135107
0.112847
0.10853
0.146768
0.161969
0.104305
0.152014
0.141151
0.147762
0.172753
0.162713
0.163297
0.172349
0.191183
0.173858
0.185896
0.187715
0.187267
0.18583
0.184946
0.222364
0.173531
0.154227
0.17923
0.219299
0.160431
0.17374
0.194778
0.213816
0.208871
0.200223
0.195372
0.169702
0.140989
0.147514
0.173789
0.178034
0.17795
0.177634
0.211199
0.205709
0.201674
0.177811
0.17087
0.126778
0.137308
0.127568
0.132115
0.109849
0.12035
0.100958
0.164697
0.197137
0.217151
0.250722
0.206983
0.211603
0.155506
0.174784
0.1705
0.155258
0.169764
0.230293
0.306402
0.24773
0.216582
0.211003
0.243037
0.288771
0.249194
0.289101
0.319981
0.274446
0.277289
0.25247
0.263993
0.257456
0.26994
0.276702
0.272299
0.288833
0.27102
0.294264
0.301854
0.244465
0.150264
0.241101
0.254592
0.257837
0.328796
0.339477
0.277402
0.261389
0.30775
0.261503
0.308332
0.31262
0.356375
0.29962
0.330572
0.328705
0.292636
0.249236
0.253797
0.290362
0.257521
0.238869
0.29434
0.340485
0.351821
0.38558
0.246093
0
0.302396
0.283297
0.251006
0.256948
0.241049
0.262391
0.281724
0.259757
0.315396
0.381487
0.297965
0.302711
0.36074
0.381711
0.259602
0.30398
0.31365
0.366396
0.417655
0.338239
0.236909
0.344589
0.218856
0.431971
0.229056
0.249155
0.370209
0.3413
0.284834
0.307766
0.327201
0.334574
0.274696
0.45646
0.388707
0.284545
0.618673
0.642454
0.467578
0.474336
0.633052
0.459472
0.457503
0.745433
0.602815
0.505315
0.440225
0.472004
0.440729
0.384229
0.365413
0.330312
0.384178
0.496666
0.364068
0.262249
0.251963
0
0.182439
0.495645
0.607794
0.241482
0.289115
0.412895
0.290929
0.230164
0.268272
0.281937
0.338621
0.380067
0.381189
0.452853
0.59675
0.740524
0.490082
0.505239
0.566187
0.696574
0.657754
0.738299
0.621876
0.712151
0.79922
0.789029
0.601043
0.461449
0.457444
0.425182
0.478443
0.327626
0.455288
0.254157
0.259835
0.438586
0.315847
0.248258
0.235315
0.298303
0.287642
0.294231
0.279018
0.367798
0.420009
0.505252
0.478718
0.512261
0.552486
0.699884
0.611971
0.429953
0.677586
0.73649
0.592273
0.677523
0.804853
0.77675
0.669497
0.764149
0.607973
0.444474
0.466567
0.453978
0.423297
0.412845
0.502925
0.448474
0.473737
0.419032
0.389404
0.388814
0.382295
0.434807
0.384328
0.331532
0.442368
0.415283
0.477539
0.491424
0.530703
0.519262
0.546656
0.55978
0.540395
0.537892
0.554904
0.472277
0.439398
0.45581
0.501134
0.447705
0.405521
0.471404
0.4587
0.376124
0.418252
0.410494
0.422627
0.438439
0.459923
0.451532
0.450267
0.415773
0.359531
0.363847
0.394393
0.347884
0.458583
0.445381
0.354911
0.406604
0.4713
0.438521
0.381801
0.402939
0.388552
0.405638
0.431388
0.408101
0.38165
0.454579
0.390974
0.397673
0.390752
0.362946
0.345398
0.350903
0.266577
0.292501
0.355449
0.348959
0.305376
0.337777
0.364608
0.308054
0.343147
0.389022
0.5782
0.51081
0.452544
0.376373
0.369643
0.369521
0.289573
0.314245
0.239081
0.291889
0.261077
0.280957
0.29322
0.231258
0.272134
0.342943
0.305118
0.307017
0.35614
0.395256
0.328977
0.306386
0.422423
0.443539
0.336791
0.404428
0.451009
0.42711
0.3754
0.422137
0.407627
0.365014
0.342851
0.347452
0.317258
0.325378
0.364737
0.303419
0.288076
0.279317
0.342943
0.38404
0.440777
0.457051
0.47047
0.506442
0.477634
0.402142
0.392419
0.314498
0.303845
0.28049
0.299127
0.297173
0.452846
0.519138
0.472297
0.485732
0.46352
0.415283
0.369041
0.379011
0.317767
0.356884
0.312438
0.282722
0.333871
0.401654
0.534539
0.598048
0.507166
0.441897
0.527674
0.515453
0.444702
0.492757
0.427211
0.418199
0.377458
0.430993
0.438623
0.513569
0.60452
0.594051
0.468325
0.644
0.434707
0.412953
0.343903
0.434183
0.357079
0.372809
0.389711
0.366134
0.368768
0.733828
0.570308
0.613893
0.428829
0.458499
0.452426
0.315562
0.161234
0.220969
0.21976
0.207668
0.261815
0.247901
0.237189
0.274332
0.326469
0.270012
0.271978
0.306315
0.33852
0.358133
0.391263
0.382109
0.360263
0.468775
0.533723
0.385325
0.374225
0.359625
0.243858
0
0.188012
0.189576
0.237334
0.174203
0.141748
0.137109
0.16404
0.226265
0.210766
0.212123
0.235635
0.244308
0.236672
0.233317
0.208234
0.211706
0.282354
0.262725
0.273353
0.305636
0.360611
0.321608
0.29696
0.342093
0.331203
0.277931
0.242421
0.268427
0.278162
0.359614
0.29964
0.308785
0.345971
0.342677
0.33634
0.341825
0.224934
0.179359
0.243654
0.201688
0.272322
0.230794
0.250455
0.259823
0.179945
0.152742
0
0.120224
0.110882
0.126075
0.16242
0.138486
0.124482
0.167256
0.17766
0.175453
0.165931
0.213866
0.200518
0.178121
0.147691
0.158898
0.17768
0.171337
0.177719
0.175342
0.181995
0.152394
0.156693
0.16727
0.134176
0.131122
0.149553
0.147905
0.159207
0.189827
0.173358
0.150769
0.139282
0.138898
0.175131
0.104169
0.185941
0.1488
0.182953
0.193508
0.181324
0.189878
0.19131
0.216497
0.186178
0.178368
0.190004
0.194617
0.17981
0.177883
0.256095
0.19789
0.172186
0.195288
0.269527
0.197147
0.188643
0.220157
0.201511
0.203415
0.201282
0.208378
0.177463
0.158385
0.141546
0.165056
0.189967
0.183893
0.194664
0.19857
0.217414
0.228263
0.213636
0.202282
0.185862
0.138663
0.149997
0.130432
0.151133
0.124259
0.134195
0.104343
0.181183
0.265347
0.237108
0.305838
0.243028
0.232383
0.205774
0.204962
0.182899
0.237101
0.273708
0.283929
0.390756
0.311902
0.269788
0.274294
0.327345
0.36691
0.256976
0.281551
0.338348
0.280916
0.240903
0.231742
0.237717
0.210825
0.227822
0.249293
0.275284
0.275153
0.251015
0.299015
0.334335
0.233424
0.174221
0.301149
0.370113
0.430457
0.48462
0.426585
0.36397
0.373358
0.408784
0.326881
0.339245
0.33306
0.392982
0.296782
0.344759
0.310236
0.262268
0.217788
0.223124
0.262253
0.208652
0.205295
0.267745
0.34218
0.410069
0.417463
0.270164
0
0.290751
0.289111
0.293522
0.309691
0.291852
0.314565
0.309347
0.288535
0.407705
0.409505
0.303528
0.363675
0.450584
0.382594
0.3336
0.406755
0.383262
0.423287
0.436571
0.361755
0.273775
0.408196
0.249627
0.557726
0.323763
0.314889
0.531738
0.483081
0.392188
0.407781
0.397165
0.366849
0.362578
0.577767
0.444201
0.407853
0.577049
0.643583
0.550247
0.615111
0.736607
0.518541
0.53787
0.869168
0.622227
0.468953
0.474216
0.532822
0.437755
0.380084
0.375347
0.361803
0.419951
0.580993
0.38402
0.303893
0.195964
0
0.202811
0.412536
0.517292
0.263011
0.326245
0.434648
0.303681
0.223253
0.334901
0.35525
0.338549
0.408847
0.407353
0.44775
0.590222
0.723068
0.603769
0.606071
0.715891
0.608846
0.690076
0.791919
0.687445
0.788629
0.792045
0.903618
0.72668
0.520743
0.508668
0.438544
0.40092
0.313755
0.415805
0.237561
0.22278
0.417856
0.345585
0.224787
0.207432
0.262807
0.277928
0.358332
0.313653
0.374381
0.37244
0.452287
0.454819
0.439462
0.525244
0.552294
0.532709
0.461035
0.60911
0.707583
0.642784
0.690683
0.843031
0.815522
0.698344
0.771061
0.567959
0.446724
0.425397
0.441862
0.435121
0.456229
0.49605
0.430134
0.430165
0.414644
0.399224
0.450255
0.427386
0.413284
0.379296
0.345248
0.412942
0.414062
0.471437
0.483836
0.554607
0.532654
0.56347
0.585165
0.571842
0.545386
0.562552
0.544445
0.51264
0.522433
0.581119
0.531057
0.48935
0.514336
0.479438
0.456622
0.492978
0.4622
0.461765
0.478556
0.514923
0.493909
0.481896
0.446926
0.379308
0.396262
0.420537
0.381756
0.501728
0.450428
0.365514
0.404067
0.48086
0.438791
0.36379
0.442664
0.452417
0.45405
0.445757
0.45561
0.386984
0.438499
0.443819
0.394814
0.422748
0.391724
0.393133
0.369549
0.311384
0.292577
0.384559
0.402222
0.318418
0.33971
0.377315
0.338295
0.349274
0.376074
0.580473
0.51172
0.438695
0.367342
0.369627
0.353143
0.363953
0.375887
0.294108
0.339685
0.286488
0.33524
0.331925
0.245827
0.28374
0.372863
0.319997
0.321005
0.386007
0.413887
0.350148
0.354835
0.462831
0.470748
0.375038
0.409454
0.488229
0.443194
0.376447
0.400638
0.396066
0.397733
0.373817
0.345616
0.337064
0.365108
0.417907
0.325013
0.305964
0.289878
0.327198
0.413538
0.487111
0.490579
0.5141
0.539492
0.494532
0.400027
0.390287
0.320804
0.310572
0.28785
0.320199
0.307648
0.450262
0.521648
0.457495
0.480907
0.459217
0.419118
0.400204
0.356326
0.306175
0.404428
0.34599
0.174382
0.215804
0.255888
0.352077
0.396545
0.545338
0.600297
0.45264
0.424455
0.488265
0.449789
0.394482
0.445863
0.43481
0.473262
0.478309
0.490148
0.461555
0.486979
0.574078
0.552476
0.450515
0.635358
0.461802
0.408495
0.332222
0.442152
0.340386
0.324232
0.423671
0.375388
0.361203
0.697718
0.569197
0.640093
0.436855
0.531126
0.434371
0.299173
0.14446
0.252259
0.246633
0.23233
0.264072
0.265237
0.301775
0.286448
0.317581
0.28682
0.254558
0.305554
0.334738
0.361252
0.355351
0.403112
0.384972
0.47811
0.524618
0.361336
0.394319
0.350309
0.211362
0
0.154335
0.151899
0.22727
0.226636
0.134236
0.128237
0.195104
0.243326
0.237773
0.247437
0.241053
0.238697
0.250815
0.256129
0.205146
0.225139
0.304807
0.260808
0.279451
0.32414
0.341898
0.344367
0.303835
0.295661
0.339595
0.291938
0.255896
0.297179
0.264088
0.364988
0.278397
0.308701
0.331126
0.313576
0.32382
0.327787
0.221575
0.195362
0.235101
0.184183
0.258746
0.237283
0.257603
0.253284
0.177172
0.134599
0
0.110778
0.113226
0.152292
0.181842
0.175111
0.159286
0.161859
0.151156
0.153573
0.144654
0.16152
0.200348
0.18098
0.178569
0.177201
0.187455
0.175962
0.154027
0.121663
0.135806
0.153557
0.150909
0.161778
0.179232
0.171928
0.135545
0.155657
0.161784
0.135158
0.143877
0.15241
0.152859
0.161006
0.158481
0.153473
0.144991
0.123481
0.142171
0.144909
0.100452
0.163905
0.117911
0.171822
0.184678
0.161542
0.164414
0.17064
0.192333
0.181829
0.196924
0.206856
0.199922
0.176744
0.181172
0.264373
0.200983
0.17917
0.221996
0.271631
0.250226
0.196497
0.182901
0.180098
0.192192
0.184289
0.18682
0.176902
0.166639
0.164494
0.145787
0.151694
0.163358
0.164236
0.170394
0.159507
0.170833
0.180734
0.193629
0.189001
0.199988
0.189859
0.166707
0.188911
0.167417
0.155236
0.119287
0.153185
0.117755
0.185612
0.259708
0.1909
0.241489
0.216459
0.200917
0.190929
0.194312
0.165094
0.213347
0.237697
0.232836
0.348361
0.31082
0.233605
0.268904
0.321484
0.348513
0.264728
0.284676
0.339784
0.269095
0.257766
0.235726
0.246953
0.253162
0.2646
0.261647
0.263853
0.274956
0.281337
0.311663
0.341219
0.211509
0.163164
0.287433
0.290615
0.309778
0.295955
0.345526
0.261327
0.273024
0.34902
0.283485
0.312664
0.309015
0.348469
0.286992
0.322792
0.350829
0.313032
0.248124
0.254742
0.317232
0.257279
0.244092
0.301581
0.31882
0.374252
0.416987
0.272824
0
0.325172
0.278926
0.236943
0.247502
0.242834
0.269551
0.325387
0.245623
0.3283
0.363143
0.282583
0.329531
0.423674
0.394799
0.356815
0.38321
0.371133
0.365525
0.384072
0.349779
0.260195
0.408924
0.249987
0.526653
0.29011
0.278215
0.465658
0.426793
0.338123
0.323261
0.350177
0.316889
0.328576
0.492048
0.408047
0.379565
0.587878
0.645863
0.535856
0.6153
0.688569
0.53112
0.549206
0.941069
0.690796
0.433857
0.423879
0.476993
0.425835
0.366266
0.340233
0.381435
0.388793
0.517906
0.382548
0.328208
0.215637
0
0.200944
0.440649
0.561601
0.226671
0.266742
0.388865
0.27719
0.196112
0.245918
0.258815
0.264205
0.324644
0.32074
0.405908
0.622806
0.615741
0.499204
0.676343
0.675634
0.722122
0.835889
0.800176
0.763993
0.808866
0.877319
0.942039
0.857987
0.599698
0.537393
0.470861
0.418833
0.300044
0.427064
0.236175
0.247455
0.393977
0.277245
0.219297
0.223871
0.298994
0.26636
0.309176
0.277038
0.354148
0.401051
0.476148
0.42219
0.442045
0.513772
0.590915
0.547079
0.454351
0.684504
0.791885
0.629957
0.699162
1
0.790334
0.69496
0.829169
0.595537
0.475755
0.442171
0.398834
0.401695
0.440836
0.508498
0.400977
0.414587
0.40762
0.389126
0.376756
0.379887
0.417388
0.411774
0.370033
0.46854
0.455429
0.473158
0.453791
0.45895
0.517516
0.544007
0.530822
0.538416
0.5518
0.571838
0.483055
0.454825
0.475942
0.527772
0.472069
0.450939
0.492786
0.482869
0.416945
0.447582
0.449103
0.464373
0.43086
0.479962
0.446563
0.459725
0.426283
0.362695
0.323987
0.384199
0.290134
0.386402
0.435384
0.388209
0.414452
0.472484
0.438403
0.371775
0.403667
0.402601
0.404704
0.455549
0.436041
0.404212
0.450508
0.429325
0.417558
0.412117
0.363053
0.350082
0.366062
0.283768
0.300747
0.373366
0.36119
0.316809
0.329513
0.372967
0.346434
0.358505
0.398243
0.611466
0.527673
0.468489
0.397497
0.388418
0.354486
0.31407
0.350235
0.259058
0.300637
0.264416
0.280957
0.308695
0.232541
0.258725
0.358741
0.312438
0.311195
0.371227
0.413712
0.344469
0.339493
0.449056
0.443711
0.343707
0.408279
0.4763
0.458356
0.387339
0.398162
0.407547
0.397909
0.360291
0.314412
0.302908
0.368753
0.434211
0.323015
0.275518
0.272621
0.344659
0.394371
0.478901
0.440502
0.458528
0.478774
0.443371
0.376485
0.376485
0.31161
0.311195
0.288528
0.312851
0.306386
0.406516
0.429817
0.433116
0.461799
0.428151
0.421032
0.426937
0.404428
0.331337
0.372318
0.315113
