0.513402
0.602472
0.651143
0.683104
0.687117
0.673051
0.718108
0.736702
0.675532
0.671484
0.7071
0.660009
0.56499
0.497962
0.450205
0.503789
0.619581
0.755315
0.799809
0.871284
0.951643
0.841579
0.841288
0.76447
0.697464
0.665011
0.770231
0.713926
0.634681
0.621206
0.68117
0.710495
0.642712
0.628438
0.682097
0.742036
0.803383
0.806738
0.817451
0.73318
0.852913
0.785092
0.830416
0.845727
0.87306
0.950111
0.834329
0.88102
0.799497
0.714501
0.717232
0.631164
0.673412
0.642133
0.633878
0.681475
0.85355
0.671559
0.647957
0.673764
0.684163
0.600924
0.558474
0.694893
0.668081
0.565028
0.616059
0.587044
0.553319
0.601642
0.645809
0.712886
0.778177
0.807774
0.814178
0.731152
0.860644
0.828976
0.754222
0.648078
0.723188
0.768893
0.751799
0.88882
0.906627
0.90223
0.846048
0.863696
0.723679
0.72762
0.777111
0.660194
0.594617
0.558855
0.552853
0.527884
0.546987
0.52231
0.486586
0.514612
0.501704
0.464029
0.501966
0.448352
0.390649
0.493231
0.535699
0.504256
0.482037
0.531539
0.561131
0.53901
0.60633
0.624454
0.585968
0.611483
0.62029
0.697508
0.719701
0.661982
0.650227
0.723057
0.779694
0.681935
0.675747
0.809128
0.811873
0.658309
0.585076
0.736831
0.730884
0.618179
0.543249
0.503701
0.514944
0.482592
0.334163
0.375837
0.332906
0.416177
0.450671
0.534532
0.463512
0.535696
0.622338
0.566055
0.631004
0.57696
0.686222
0.67151
0.645362
0.602132
0.602751
0.613343
0.66165
0.549468
0.520422
0.594443
0.582598
0.46822
0.42901
0.492025
0.605481
0.42148
0.336274
0.425594
0.484397
0.509432
0.583978
0.622628
0.685338
0.581894
0.667235
0.68253
0.643667
0.590969
0.737124
0.750413
0.794804
0.784987
0.67759
0.715706
0.767963
0.696773
0.632562
0.558525
0.61582
0.50156
0.484001
0.405262
0.301788
0
0.25838
0.293087
0.397758
0.370139
0.411687
0.471113
0.52493
0.557282
0.583213
0.622769
0.602666
0.697784
0.664563
0.605323
0.645186
0.668875
0.659502
0.649831
0.632436
0.675273
0.693323
0.652692
0.655086
0.60313
0.62021
0.555129
0.573722
0.504291
0.532279
0.584516
0.529349
0.574063
0.54936
0.559732
0.503628
0.515192
0.526694
0.453225
0.482656
0.466268
0.429769
0.397037
0.474267
0.52009
0.502501
0.534464
0.569946
0.661718
0.638758
0.558468
0.730374
0.676432
0.662448
0.676069
0.618687
0.604337
0.572941
0.480357
0.532484
0.567982
0.66126
0.581731
0.711677
0.807424
0.743956
0.705545
0.749116
0.862203
0.768282
0.823564
0.821194
0.902108
0.813677
0.862019
0.930531
0.828096
0.764211
0.662242
0.582756
0.698464
0.593179
0.628037
0.571941
0.517141
0.557793
0.507343
0.565228
0.606168
0.466669
0.425213
0.417105
0.515403
0.540955
0.46666
0.564325
0.452496
0.600486
0.66088
0.619312
0.776521
0.841783
0.786913
0.772013
0.76047
0.654385
0.662919
0.675556
0.723379
0.80277
0.697205
0.647879
0.628778
0.588431
0.517621
0.480945
0.463261
0.485536
0.454741
0.44584
0.484832
0.444324
0.424715
0.404326
0.448853
0.340576
0.324896
0.380313
0.409429
0.416426
0.449899
0.521182
0.533562
0.483517
0.583091
0.538988
0.545545
0.559262
0.538914
0.558226
0.448535
0.567765
0.619256
0.684452
0.636063
0.632891
0.669733
0.758151
0.702249
0.737669
0.761322
0.704806
0.57838
0.500051
0.516544
0.631222
0.667985
0.818692
0.817526
0.932415
0.996451
0.890071
0.922822
0.846531
0.738693
0.754517
0.78976
0.735856
0.648182
0.659604
0.714771
0.728828
0.671343
0.653652
0.710097
0.774151
0.841657
0.82326
0.922222
0.825451
0.830083
0.800067
0.879485
0.889918
0.911121
0.965106
0.879945
0.95052
0.849359
0.807692
0.751905
0.653418
0.708531
0.709686
0.701219
0.745574
0.921116
0.77349
0.762645
0.722991
0.771018
0.656596
0.618026
0.70294
0.700446
0.580731
0.598362
0.636461
0.565962
0.611043
0.697297
0.778778
0.905361
0.851385
0.841006
0.752662
0.889382
0.887964
0.83381
0.746008
0.789631
0.854712
0.825304
0.888743
0.948821
0.935449
0.913655
0.950198
0.787946
0.837458
0.838633
0.714834
0.628019
0.659611
0.599594
0.549009
0.503994
0.428199
0.331695
0.319003
0.34132
0.384021
0.449079
0.450474
0.455118
0.439433
0.436016
0.436565
0.498315
0.472311
0.517833
0.51973
0.667258
0.622192
0.60316
0.622512
0.630306
0.672549
0.721885
0.705473
0.684265
0.745717
0.835302
0.779928
0.721743
0.821156
0.91131
0.727326
0.646943
0.801163
0.765439
0.707546
0.599916
0.521866
0.54612
0.549962
0.345531
0.388792
0.332819
0.417188
0.470797
0.572968
0.485483
0.581968
0.684382
0.631278
0.6788
0.615957
0.756765
0.746452
0.714612
0.68751
0.668844
0.638033
0.707763
0.62415
0.573533
0.645408
0.629225
0.48996
0.420344
0.451439
0.592273
0.42257
0.325206
0.41778
0.498717
0.497206
0.538071
0.591804
0.63
0.537529
0.616728
0.626509
0.597073
0.569016
0.72942
0.730497
0.747882
0.703333
0.658407
0.658812
0.753219
0.661822
0.585193
0.547904
0.667975
0.511532
0.528976
0.432364
0.300143
0
0.257188
0.289015
0.389871
0.383569
0.430529
0.538295
0.530165
0.564828
0.564521
0.582382
0.553015
0.636855
0.73273
0.668964
0.674826
0.690618
0.664513
0.592972
0.61689
0.653677
0.687297
0.664988
0.648686
0.592147
0.625376
0.556648
0.554345
0.49846
0.543679
0.582524
0.516121
0.58203
0.544542
0.546043
0.486714
0.518
0.518459
0.463924
0.49465
0.457387
0.409595
0.422041
0.475419
0.499737
0.485694
0.501121
0.515861
0.549671
0.571866
0.543878
0.623192
0.626743
0.605135
0.615388
0.534229
0.618959
0.563703
0.488123
0.544227
0.578501
0.598167
0.533983
0.688094
0.786485
0.714638
0.736615
0.792445
0.900412
0.881625
0.915248
0.864858
0.946548
0.871062
0.966399
0.96746
0.933682
0.805017
0.756031
0.638383
0.683281
0.54971
0.586331
0.590766
0.532669
0.544045
0.542836
0.562529
0.616277
0.555837
0.522112
0.475484
0.579557
0.602605
0.549372
0.583342
0.460833
0.652524
0.691063
0.676065
0.772895
0.814251
0.835766
0.828021
0.755729
0.66805
0.678845
0.705433
0.753817
0.81005
0.717176
0.690746
0.686922
0.639601
0.575721
0.583855
0.504815
0.501475
0.444652
0.48273
0.538889
0.477857
0.432806
0.507589
0.483099
0.350523
0.354237
0.43297
0.436558
0.422881
0.508156
0.601969
0.580974
0.502201
0.636696
0.59093
0.571639
0.64592
0.609891
0.609788
0.618212
0.697347
0.699764
0.793284
0.719948
0.747114
0.768235
0.777134
0.618189
0.698854
0.697246
0.764461
0.663372
0.655214
0.607921
0.767376
0.690657
0.841966
0.844755
0.906308
1
0.923593
0.982769
0.874692
0.801967
0.798856
0.858814
0.816234
0.74264
0.807081
0.844625
0.791079
0.79407
0.776926
0.823295
0.836531
0.932682
0.922243
0.937452
0.801991
0.909284
0.865914
0.857061
0.863934
0.909898
0.989372
0.952998
0.981978
0.892705
0.810261
0.779113
0.658036
0.688802
0.718445
0.694853
0.749944
0.927221
0.731797
0.692452
0.717704
0.749176
0.642166
0.58236
0.719801
0.660862
0.568707
0.610321
0.62415
0.571752
0.62292
0.680599
0.77266
0.85229
0.896303
0.776728
0.70403
0.820006
0.891463
0.855476
0.690184
0.789469
0.871371
0.846583
0.958722
0.996533
0.970348
0.911498
0.971247
0.759712
0.800991
0.870736
0.767388
0.71662
0.710277
0.668226
0.647471
0.568217
0.606977
0.447114
0.458749
0.534911
0.460585
0.489728
0.421404
0.453505
0.481103
0.520115
0.543821
0.636431
0.555118
0.557127
0.61462
0.73102
0.674302
0.638685
0.662123
0.657782
0.679659
0.772673
0.711829
0.670702
0.770344
0.86775
0.798938
0.715652
0.850184
0.960002
0.77428
0.68162
0.849968
0.754505
0.737037
0.61896
0.556147
0.634917
0.603555
0.52031
0.612019
0.397852
0.476994
0.595329
0.660616
0.552992
0.628629
0.736695
0.67061
0.729245
0.659815
0.771684
0.756072
0.715072
0.754631
0.71029
0.702194
0.737872
0.665496
0.640459
0.603186
0.597041
0.50578
0.447421
0.538881
0.704028
0.478825
0.369443
0.475947
0.539858
0.485798
0.650914
0.650699
0.655822
0.633266
0.770919
0.780568
0.659187
0.613306
0.785041
0.859809
0.801768
0.74954
0.689139
0.766984
0.794819
0.70294
0.65472
0.636492
0.727802
0.609967
0.532966
0.451822
0.387542
0
0.323337
0.34698
0.411785
0.453552
0.479075
0.576311
0.49651
0.633731
0.556513
0.572116
0.652584
0.757208
0.691298
0.680695
0.684516
0.702308
0.689543
0.677115
0.668895
0.679857
0.717745
0.700578
0.678933
0.660472
0.672031
0.598123
0.570491
0.501609
0.564414
0.614186
0.560501
0.613108
0.590496
0.6018
0.530721
0.586943
0.615712
0.523296
0.562197
0.561781
0.505834
0.476912
0.556798
0.523362
0.435472
0.459371
0.567328
0.618332
0.526585
0.536022
0.747197
0.744909
0.588649
0.68473
0.625703
0.738914
0.698984
0.568855
0.641702
0.69206
0.758636
0.680246
0.806996
0.896071
0.80863
0.694029
0.73055
0.843184
0.818164
0.819494
0.810479
0.857738
0.80639
0.881401
0.890815
0.852321
0.736432
0.802628
0.691912
0.764743
0.535632
0.615341
0.63488
0.650295
0.601746
0.570437
0.589336
0.668899
0.532558
0.518457
0.503048
0.59933
0.627586
0.581953
0.628526
0.614075
0.6171
0.693998
0.625244
0.779692
0.83623
0.861295
0.799945
0.703358
0.606234
0.636914
0.665903
0.723412
0.807918
0.681872
0.620212
0.591808
0.583946
0.544231
0.568583
0.534003
0.558821
0.542099
0.517753
0.544096
0.507964
0.477656
0.52463
0.505168
0.438521
0.424868
0.502609
0.515478
0.491454
0.494548
0.619209
0.619291
0.604124
0.691722
0.605534
0.592345
0.654176
0.628337
0.693671
0.520216
0.589014
0.657534
0.708928
0.654262
0.691921
0.718507
0.654805
0.666456
0.717358
0.716036
0.705293
0.585462
0.537032
0.513402
0.665554
0.707562
0.874476
0.884379
0.931498
0.996323
0.896047
0.893126
0.788861
0.743647
0.736539
0.835613
0.738865
0.649834
0.630113
0.685045
0.775105
0.693657
0.669973
0.724051
0.803903
0.847022
0.856393
0.958026
0.850829
0.837346
0.814876
0.922385
0.912437
0.948716
0.9903
0.913937
0.944017
0.860373
0.799244
0.767676
0.624304
0.640928
0.681247
0.705407
0.813676
0.969398
0.803809
0.808414
0.837572
0.757059
0.727018
0.740565
0.774583
0.686506
0.560959
0.62153
0.671267
0.615601
0.67776
0.749938
0.794623
0.88867
0.849359
0.778749
0.730225
0.834967
0.843543
0.865753
0.725545
0.768585
0.847002
0.838243
0.856465
0.930763
0.928057
0.910596
0.915138
0.767464
0.796449
0.794053
0.703409
0.632916
0.638306
0.59863
0.561438
0.543789
0.505505
0.490314
0.492414
0.466215
0.461212
0.512371
0.445888
0.403876
0.518765
0.527445
0.527286
0.508155
0.574872
0.539275
0.526507
0.622878
0.617783
0.635564
0.659476
0.671294
0.687028
0.694651
0.627304
0.623267
0.70112
0.740553
0.693614
0.706315
0.839643
0.873948
0.685391
0.619071
0.727088
0.702771
0.628745
0.613813
0.501243
0.540337
0.5413
0.361804
0.408332
0.33383
0.428505
0.476405
0.534177
0.44288
0.515458
0.615139
0.55289
0.616061
0.57499
0.670693
0.666574
0.636053
0.603422
0.602146
0.614433
0.632886
0.538904
0.507402
0.552476
0.545648
0.481937
0.42742
0.462464
0.601114
0.422648
0.326389
0.414704
0.511603
0.507861
0.579388
0.615222
0.655119
0.594232
0.736349
0.721289
0.673264
0.617368
0.836237
0.913103
0.856679
0.759294
0.679263
0.708987
0.855195
0.69655
0.627096
0.546476
0.651915
0.512125
0.499225
0.415762
0.297901
0
0.255515
0.290713
0.387834
0.391501
0.452734
0.504295
0.537111
0.602467
0.561364
0.604807
0.580871
0.711359
0.735728
0.706934
0.704935
0.725176
0.70673
0.636527
0.683042
0.694617
0.743913
0.74459
0.697363
0.684265
0.692486
0.612882
0.595202
0.506783
0.522813
0.640166
0.568115
0.616864
0.534802
0.573918
0.510452
0.471091
0.555074
0.489031
0.442089
0.484335
0.453866
0.38885
0.44596
0.530653
0.515665
0.486134
0.552988
0.677609
0.640884
0.55069
0.696821
0.724407
0.707416
0.700436
0.636503
0.651029
0.583489
0.491642
0.573196
0.599077
0.645312
0.557786
0.722872
0.807116
0.710428
0.731009
0.77933
0.895481
0.830354
0.846825
0.802047
0.839285
0.730261
0.869206
0.808644
0.824951
0.727631
0.695881
0.618828
0.700336
0.60725
0.620137
0.560718
0.503407
0.541972
0.537496
0.561864
0.602633
0.477828
0.418485
0.404583
0.502113
0.520145
0.475266
0.580287
0.467189
0.647633
0.663269
0.636817
0.767118
0.803584
0.81307
0.737127
0.661037
0.567983
0.588574
0.620497
0.645907
0.710538
0.640458
0.643668
0.615877
0.631892
0.530438
0.505123
0.494461
0.502681
0.494038
0.485862
0.515981
0.462624
0.441395
0.413411
0.45587
0.346832
0.332572
0.378702
0.412644
0.430605
0.519369
0.564721
0.555051
0.514934
0.555814
0.524899
0.545734
0.584162
0.571756
0.56012
