0.635745
0.700587
0.66945
0.787078
0.78535
0.827446
0.842328
0.78535
0.901697
0.897909
0.798904
0.767491
0.983658
0.897909
0.803838
0.853808
0.929743
0.83645
0.788796
0.858024
0.85942
0.795571
0.734193
0.621686
0.721321
0.70771
0.642359
0.66085
0.632339
0.70771
0.617974
0.606285
0.54012
0.447813
0.517963
0.54012
0.525864
0.606285
0.639084
0.723514
0.628864
0.672234
0.625314
0.651839
0.597964
0.721321
0.617974
0.621686
0.685602
0.685602
0.725688
0.774768
0.839401
0.849544
0.904205
0.903898
0.911646
0.907537
0.776558
0.744432
0.846675
0.760021
0.738339
0.856624
0.863575
0.803838
0.850971
0.846675
0.8103
0.771153
0.824393
0.824393
0.758121
0.723514
0.776558
0.750386
0.677688
0.700587
0.66085
0.695708
0.66085
0.729977
0.783613
0.758121
0.86081
0.852392
0.880461
0.948048
0.859877
0.890762
0.865763
0.862195
0.864336
0.763465
0.816172
0.802202
0.758121
0.719107
0.597528
0.654891
0.688174
0.732094
0.822856
0.818203
0.863575
0.855219
0.756208
0.858024
0.827446
0.781865
0.792202
0.818203
0.771153
0.756208
0.795571
0.774768
0.783613
0.734193
0.758121
0.822856
0.848112
0.892806
0.909909
0.858007
0.867767
0.705456
0.742831
0.769328
0.777679
0.845231
0.813484
0.830473
0.867687
0.834965
0.705361
0.781865
0.746432
0.776558
0.725688
0.852392
0.876795
0.71557
0.706409
0.620779
0.663174
0.770002
0.733286
0.670378
0.659502
0.880321
0.810393
0.703553
0.718065
0.743192
0.71268
0.783749
0.700163
0.722201
0.74443
0.852208
0.761253
0.720891
0.835141
0.661769
0.711172
0.588001
0.613426
0.759382
0.814137
0.74687
0.740622
0.726292
0.538602
0.578404
0.68352
0.625703
0.550166
0.556795
0.754802
0.590864
0.645142
0.629566
0.688056
0.7492
0.578345
0.460341
0.467895
0
0.446552
0.353658
0.425661
0.610656
0.638502
0.665732
0.644003
0.74109
0.689834
0.749019
0.846832
0.876626
0.803333
0.700825
0.587723
0.756636
0.753077
0.778241
0.800425
0.72175
0.827602
0.757055
0.73602
0.650524
0.519201
0.655478
0.656866
0.50417
0.455047
0.525505
0.617755
0.565642
0.771728
0.732886
0.689704
0.683283
0.687767
0.778083
0.787618
0.75986
0.709329
0.71631
0.641051
0.750062
0.782596
0.819348
0.926875
0.900469
0.871481
0.87727
0.874607
0.774003
0.73136
0.834228
0.80457
0.715669
0.698021
0.755063
0.757501
0.69863
0.73337
0.651505
0.696066
0.752548
0.765395
0.690994
0.774165
0.850675
0.930471
0.967913
1
0.939243
0.797242
0.841286
0.807603
0.66376
0.68617
0.772196
0.65493
0.728521
0.722824
0.734523
0.768428
0.819695
0.892939
0.868565
0.912957
0.950245
0.970473
0.870405
0.833287
0.951745
0.928557
0.815064
0.848112
0.830473
0.769328
0.732094
0.752341
0.700587
0.672234
0.606285
0.66945
0.632339
0.651839
0.621686
0.606285
0.66945
0.642359
0.525864
0.702987
0.55279
0.558655
0.723514
0.677688
0.66376
0.558655
0.648734
0.723514
0.712337
0.776558
0.781865
0.787078
0.807085
0.78535
0.845231
0.86081
0.798904
0.783613
0.933282
0.863575
0.8103
0.870405
0.864326
0.831977
0.800557
0.818009
0.828963
0.787078
0.729977
0.614175
0.70771
0.712337
0.614175
0.606285
0.621686
0.654891
0.574772
0.574772
0.546625
0.464279
0.447813
0.509408
0.54012
0.602183
0.625314
0.700587
0.628864
0.645575
0.59362
0.584516
0.606285
0.698161
0.66376
0.648734
0.677688
0.68036
0.742417
0.780107
0.793891
0.824393
0.855219
0.884475
0.85942
0.824447
0.688174
0.698161
0.793891
0.734193
0.716872
0.807085
0.825923
0.748417
0.795571
0.822856
0.793891
0.729977
0.776558
0.800557
0.734193
0.705361
0.765642
0.712337
0.66376
0.695708
0.66376
0.688174
0.639084
0.732094
0.788796
0.763781
0.840867
0.839401
0.87845
0.895159
0.834517
0.89052
0.849734
0.815064
0.752835
0.779479
0.732094
0.698161
0.731637
0.525864
0.447813
0.500044
0.533221
0.477909
0.558655
0.682998
0.767491
0.78535
0.83645
0.787078
0.752341
0.819761
0.800557
0.732094
0.760021
0.839401
0.769328
0.736274
0.776558
0.783613
0.771153
0.725688
0.723514
0.802098
0.749518
0.776611
0.789799
0.734053
0.761762
0.662035
0.693118
0.75427
0.824393
0.815164
0.840867
0.862195
0.839401
0.802202
0.748417
0.744432
0.695708
0.774768
0.717868
0.688061
0.60865
0.568749
0.648503
0.594292
0.609852
0.704141
0.724746
0.666606
0.657527
0.838109
0.778767
0.685389
0.667793
0.699138
0.573492
0.600495
0.649964
0.641883
0.60489
0.758936
0.676196
0.768985
0.799082
0.647975
0.707448
0.596534
0.622649
0.753034
0.826325
0.68963
0.746622
0.759778
0.557873
0.579587
0.614693
0.545471
0.563912
0.604045
0.699641
0.484928
0.538061
0.556865
0.689658
0.798188
0.601126
0.436489
0.436593
0
0.410814
0.340823
0.371284
0.552851
0.741147
0.715618
0.67029
0.677756
0.662855
0.724299
0.809368
0.738587
0.825039
0.690641
0.785293
0.736175
0.761359
0.754384
0.78407
0.753218
0.842463
0.790409
0.771967
0.662319
0.580356
0.656257
0.669835
0.489188
0.501363
0.611914
0.527718
0.448434
0.74917
0.766258
0.627358
0.61416
0.674653
0.778276
0.853764
0.815133
0.776314
0.840294
0.800026
0.811572
0.849709
0.880885
0.851218
0.935422
0.877692
0.867197
0.864218
0.833257
0.810831
0.827898
0.824246
0.745023
0.728753
0.781859
0.786367
0.68462
0.698208
0.597514
0.722396
0.85024
0.822598
0.868474
0.826293
0.914206
0.932419
0.942435
0.906123
0.924118
0.760021
0.839301
0.738339
0.648734
0.690715
0.753709
0.666626
0.833392
0.723369
0.744332
0.867215
0.828447
0.889546
0.826687
0.863248
0.927927
0.94375
0.856624
0.757531
0.734224
0.781674
0.724145
0.682475
0.765387
0.744432
0.736434
0.760021
0.719107
0.648734
0.614175
0.682998
0.665155
0.661253
0.582402
0.620586
0.630173
0.560931
