0.68031
0.698376
0.707019
0.656353
0.726472
0.810234
0.717169
0.649522
0.765215
0.933415
0.758295
0.710538
0.875143
0.76959
0.950253
0.945932
0.887313
0.94331
1
0.800194
0.713805
0.738995
0.698919
0.809664
0.770199
0.871024
0.91261
0.880493
0.967144
0.949178
0.907496
0.825233
0.790399
0.826815
0.767459
0.799862
0.690165
0.656446
0.685416
0.630349
0.81718
0.830434
0.844952
0.77853
0.851524
0.752635
0.687164
0.69446
0.815395
0.729426
0.605438
0.65837
0.804535
0.605094
0.60848
0.627873
0.799875
0.687493
0.753017
0.708733
0.6637
0.817345
0.805955
0.810216
0.685706
0.690369
0.639299
0.658458
0.786008
0.714488
0.693513
0.68629
0.821789
0.773187
0.933311
0.674189
0.749895
0.739425
0.820102
0.915153
0.943771
0.900542
0.90498
0.750289
0.807461
0.749394
0.876317
0.716221
0.508841
0.522523
0.626038
0.624324
0.807065
0.813156
0.779713
0.826817
0.875055
0.850275
0.785376
0.777837
0.708649
0.82556
0.818009
0.777695
0.814128
0.725016
0.872195
0.780881
0.728587
0.725854
0.780856
0.684363
0.797303
0.758042
0.904145
0.811536
0.863005
0.980241
0.837306
0.855721
0.706322
0.771027
0.954371
0.853597
0.794953
0.788831
0.692519
0.773519
0.773839
0.738244
0.740097
0.589109
0.644785
0.547358
0.582456
0.702421
0.643575
0.567681
0.605309
0.664003
0.597379
0.62232
0.600868
0.611495
0.663204
0.670392
0.585796
0.520208
0.600251
0.452258
0.628286
0.775375
0.895015
0.805088
0.715902
0.616642
0.690879
0.927079
0.856003
0.766418
0.564561
0.7201
0.695797
0.738463
0.741609
0.692472
0.604678
0.513927
0.542545
0.570883
0.666626
0.617472
0.584809
0.545908
0.540321
0.56616
0.672834
0.684699
0.834276
0.894609
0.624483
0.48716
0.729946
0.677726
0.397455
0
0.550982
0.707496
0.568669
0.683848
0.904318
0.719363
0.763268
0.5081
0.61626
0.629408
0.619697
0.70084
0.696068
0.654606
0.668256
0.53697
0.585369
0.665808
0.600154
0.680273
0.58104
0.567684
0.57841
0.49641
0.531551
0.492921
0.526076
0.701213
0.6361
0.686962
0.591751
0.648954
0.667347
0.653416
0.68183
0.691315
0.824792
0.658643
0.657501
0.674263
0.854847
0.682012
0.692714
0.638668
0.681586
0.735352
0.672333
0.579654
0.702019
0.794639
0.641359
0.685015
0.832012
0.71181
0.865143
0.763462
0.688634
0.78669
0.821531
0.687425
0.666444
0.767213
0.816186
0.768318
0.865674
0.906737
0.991095
0.901221
0.851829
0.87247
0.7905
0.82045
0.697595
0.690983
0.720008
0.665861
0.851732
0.893712
0.927971
0.829479
0.780588
0.781973
0.711742
0.706392
0.808259
0.731193
0.639096
0.698102
0.714573
0.583923
0.617242
0.641878
0.766797
0.677245
0.702893
0.678999
0.61341
0.769914
0.747271
0.705605
0.500713
0.684728
0.674106
0.62889
0.645363
0.788829
0.796587
0.926731
0.649182
0.719682
0.642574
0.748522
0.849289
0.863725
0.8056
0.875054
0.743606
0.744594
0.80994
0.902932
0.784209
0.567313
0.632988
0.722744
0.695622
0.801985
0.821141
0.773345
0.805903
0.878877
0.852191
0.798822
0.757344
0.703355
0.823803
0.805576
0.685233
0.727559
0.724426
0.819275
0.714183
0.704487
0.701332
0.742339
0.649184
0.741426
0.686421
0.795519
0.717883
0.817732
0.830397
0.762555
0.733505
0.696797
0.677977
0.852415
0.773513
0.793067
0.741878
0.689299
0.764846
0.819946
0.738883
0.694937
0.560098
0.613281
0.554303
0.54295
0.689498
0.598541
0.469292
0.565852
0.569119
0.51811
0.555439
0.724207
0.718218
0.691439
0.612585
0.5178
0.489991
0.561886
0.448694
0.600065
0.763609
0.871076
0.798772
0.700544
0.606228
0.687604
0.849407
0.83566
0.704197
0.561193
0.688324
0.722277
0.739776
0.780824
0.718053
0.599042
0.6701
0.597808
0.672596
0.737106
0.716002
0.739939
0.790019
0.773205
0.739754
0.690376
0.706919
0.755977
0.902755
0.654266
0.501019
0.672488
0.653742
0.408767
0
0.544634
0.643606
0.54281
0.685391
0.932255
0.708205
0.744161
0.574273
0.620056
0.625817
0.596297
0.690691
0.677054
0.623771
0.658192
0.540022
0.545025
0.666445
0.699585
0.691148
0.57931
0.542797
0.68845
0.550782
0.608206
0.530812
0.528794
0.685458
0.652887
0.698899
0.641263
0.662193
0.672726
0.708807
0.673855
0.659684
0.836233
0.724394
0.649215
0.697471
0.855215
0.695777
