0.309127
0.394934
0.416395
0.674331
0
0.473128
0.607499
0
0.623761
0.577695
0.741771
0.737087
0.749411
0.811661
0.771141
0.699171
0.795095
0.687488
0.800034
0.845845
0.825782
0.775897
0.77759
0.71445
0.740816
0.677201
0.517221
0.42036
0.440654
0.567224
0.594994
0.512663
0.489116
0.468262
0.398157
0.389506
0.516604
0.485418
0.440201
0.401268
0.411264
0.439255
0.599483
0.609303
0.62812
0.714405
0.658914
0.692061
0.648815
0.795568
0.823596
0.645924
0.696863
0.641019
0.52332
0.393822
0.473844
0
0
0.492359
0.555208
0.727326
0.717199
0.727122
0.671056
0.762524
0.816798
0.696676
0.734678
0.6515
0.596129
0.640417
0
0.556611
0.426908
0.622036
0.62012
0.684513
0.716828
0.664637
0.675751
0.824422
0.691465
0.64433
0.680538
0.679371
0.551421
0.582146
0.680572
0.659305
0.580081
0.664692
0.805352
0.750621
0.774133
0.694365
0.753312
0.826129
0.830467
0.848569
0.876464
0.689458
0.683061
0.630485
0.598621
0.698296
0.62054
0.506971
0.385954
0.450241
0.476273
0.466575
0.453867
0.529767
0.491041
0.724964
0.702729
0.651441
0.63517
0.667478
0.69187
0.703529
0.759587
0.742691
0.79452
0.80572
0.771846
0.805109
0.764687
0.766225
0.803398
0.866622
0.764806
0.7884
0.718028
0.830937
0.756414
0.94848
0.631209
0.717241
0.709846
0.801431
0.780203
0.708162
0.621025
0.621746
0.658968
0.771034
0.56888
0.819577
0.777846
0.791032
0.85107
0.76941
0.768117
0.607033
0.541977
0.45998
0.510014
0.465965
0.465965
0.540407
0.666601
0.720701
0.736483
0.834418
0.673679
0.815836
0.681838
0.873499
0.606945
0.807632
0.785686
0.85734
0.848879
0.705108
0.705113
0.774703
0.930448
0.961067
0.83293
0.697953
0.783588
0.714106
0.569983
0.596236
0.519161
0.535785
0.623736
0.57414
0.527835
0.586568
0.717877
0.760393
0.652441
0.6607
0.648869
0.730956
0.675301
0.704962
0.652535
0.651179
0.74943
0.881731
0.678867
0.639753
0.695714
0.599779
0.55258
0.734063
0.549834
0.355053
0.577698
0.560567
0.39644
0.559269
0.607628
0.566024
0.515503
0
0.567832
0.736817
0.703595
0.730695
0.823059
0.727259
0.832683
0.846425
0.888937
0.915877
0.917478
0.650306
0.600464
0
0.677432
0.746235
0.823053
0.760427
0.611699
0.512572
0.608059
0.905988
0.920128
0.779802
0.661405
0.737425
0.759186
0.85881
0.882606
0.8253
0.71343
0.755397
0.68043
0.757751
0.87773
0.777597
0.668233
0.790271
0.888497
0.815415
0.799998
1
0.913611
0.775941
0.708192
0.83376
0.813036
0.917611
0.830729
0.901834
0.84517
0.621371
0.770861
0.675167
0.777599
0.842424
0.891402
0.826608
0.753703
0.783048
0.829134
0.741163
0.874068
0.754623
0.812897
0.816347
0.707605
0.719461
0.623952
0.538513
0.722585
0.577233
0.739758
0.652859
0.624979
0.814732
0.787177
0.72618
0.713629
0.708764
0.716042
0.845344
0.857988
0.727331
0.689265
0.769825
0.762068
0.733791
0.77428
0.703423
0.779383
0.795343
0.664419
0.683657
0.592648
0.798255
0.883317
0.65815
0.649713
0.295742
0.350555
0.424559
0.609932
0
0.460687
0.557121
0
0.702807
0.606292
0.747645
0.746597
0.774743
0.802333
0.849495
0.768785
0.878984
0.753309
0.814522
0.833415
0.825697
0.871071
0.79723
0.808946
0.707841
0.628679
0.66755
0.521613
0.423833
0.444821
0.561855
0.614271
0.491141
0.491996
0.448725
0.411106
0.403098
0.487682
0.506563
0.413092
0.416942
0.37663
0.456158
0.585586
0.598428
0.615
0.721154
0.672671
0.688884
0.638015
0.790415
0.81146
0.679357
0.685468
0.623273
0.489376
0.383915
0.465376
0
0
0.415451
0.604418
0.653127
0.765102
0.746971
0.738414
0.758639
0.830493
0.775108
0.739078
0.726958
0.578414
0.653137
0
0.585571
0.427495
0.598793
0.554074
0.638351
0.746044
0.657521
0.636679
0.838513
0.698286
0.652427
0.784612
0.817811
0.669899
0.71741
0.87224
0.82372
0.677463
0.664949
0.833599
0.796834
0.858163
0.778721
0.804745
0.806837
0.781312
0.832507
0.883752
0.706396
0.684235
0.630793
0.581091
0.593548
0.561545
0.494603
0.402009
0.514887
0.478046
0.489078
0.518077
0.540919
0.485833
0.733565
0.686361
0.632419
0.634125
0.675807
0.694251
0.733394
0.783874
0.739652
0.836816
0.844803
0.813669
0.884142
0.859626
0.857775
0.888178
0.927095
0.824785
0.820214
0.759202
0.846565
0.781219
0.900693
0.618009
0.728089
0.72996
0.695177
0.528998
0.572512
0.55771
0.571692
0.605524
0.733831
0.588472
0.812991
0.784347
0.795933
0.863841
0.792689
0.79871
0.658044
0.560804
0.45998
0.339749
0.40978
0.468848
0.556086
0.632467
0.694887
0.696493
0.766187
0.654687
0.821266
0.710435
0.850648
0.609431
0.739472
0.697104
0.750258
0.771126
0.652572
0.645009
0.702356
0.880515
0.86835
0.77879
0.681945
0.786423
0.712426
0.541966
0.550165
0.501998
0.502404
0.574602
0.601204
0.557598
0.53778
0.65112
0.662569
0.549448
0.524211
0.623917
0.711999
0.650939
0.704513
0.550602
0.541959
0.736573
0.80347
0.58416
0.569088
0.64895
0.588679
0.493148
0.647407
0.542145
0.390888
0.539221
0.54057
0.38523
0.542164
0.606784
0.573459
0.500482
0
0.514894
0.602186
0.653771
0.73312
0.796803
0.710428
0.78879
0.856104
0.830768
0.834897
0.817475
0.584621
0.583983
0
0.64918
0.718472
0.793726
0.75139
0.636658
0.517403
0.626582
0.841638
0.900908
0.732269
0.688297
0.732191
0.7379
0.853215
0.854476
0.800176
0.671521
0.740373
0.679273
0.761875
0.885687
0.789512
0.669931
0.76999
0.859972
0.83433
0.790956
0.924692
0.819167
0.665348
0.68156
0.820044
0.806393
0.848191
0.784325
0.821873
0.788706
0.591857
0.740065
0.685386
0.793414
0.837879
0.814657
0.743573
0.69667
0.736923
0.770459
0.63101
0.818691
0.65742
0.710964
0.759776
0.750031
0.699434
0.681096
0.64012
0.573217
0.607634
0.721562
0.689873
0.629521
0.798594
0.751321
0.716691
0.672582
0.692316
0.65042
0.845593
0.863888
0.790587
0.756874
0.820629
0.824149
0.767484
0.795996
0.748302
0.803983
0.806444
0.673085
0.732111
0.595715
0.732666
0.805636
0.626772
0.628705
