0.818444
0.609445
0.733465
0.780266
0.577255
0.63529
0.681895
0.535414
0.468679
0.50123
0.49122
0.465307
0.469825
0.461962
0.432216
0.500425
0.380289
0.387938
0.363589
0.340693
0.309077
0.339352
0.456187
0.395091
0.372119
0.373397
0.349595
0.333816
0.299404
0.411811
0.46943
0.500445
0.488763
0.570804
0.554134
0.436134
0.515261
0.469366
0.484259
0.564487
0.405427
0.413725
0.57748
0.523553
0.555885
0.476631
0.316377
0.356741
0.493972
0.504053
0.703021
0.467186
0.473847
0.501079
0.556816
0.625315
0.599324
0.475326
0.637447
0.520876
0.508386
0.425719
0.455196
0.536096
0.636962
0.745963
0.662898
0.765007
0.66987
0.582577
0.571387
0.490439
0.475403
0.692263
0.443709
0.578871
0.644982
0.540672
0.705848
0.598535
0.610332
0.527727
0.531554
0.671567
0.642877
0.548589
0.631507
0.534388
0.418491
0.448206
0.567017
0.523492
0.511703
0.672715
0.662697
0.552473
0.62781
0.663443
0.651533
0.599816
0.573376
0.524042
0.480227
0.486742
0.618563
0.590431
0.609623
0.621164
0.590608
0.689248
0.45202
0.388865
0.516373
0.400582
0.391929
0.185404
0.218289
0.339161
0.448102
0.399976
0.549989
0.537295
0.431384
0.426325
0.423062
0.383756
0.336927
0.33638
0.333376
0.315225
0.271928
0.350898
0.34348
0.421109
0.515
0.436578
0.498646
0.598881
0.529998
0.528475
0.493402
0.50854
0.480038
0.418337
0.500649
0.506341
0.448859
0.491645
0.431288
0.547343
0.466849
0.607203
0.747354
0.539941
0.601082
0.543369
0.477476
0.556017
0.495954
0.522508
0.504213
0.565531
0.554236
0.535487
0.522609
0.483676
0.524662
0.534644
0.54159
0.544671
0.621688
0.653522
0.528585
0.720491
0.563746
0.621609
0.56569
0.426463
0.418836
0.290401
0
0.306853
0.382528
0.508139
0.447515
0.389236
0.52444
0.622964
0.617571
0.607596
0.725907
0.739859
0.723228
0.819989
0.793658
0.730648
0.678393
0.700132
0.777952
0.674029
0.751615
0.680258
0.714628
0.538131
0.443996
0.393112
0.420813
0.434772
0.47049
0.502848
0.503103
0.515021
0.51419
0.454132
0
0.362631
0.536976
0.519518
0.923057
0.567288
0
0
0.32613
0.607946
0.819564
0.600494
0.77207
0.827507
0.824043
0.780873
0.776368
1
0.805226
0.740448
0.879966
0.808731
0.656554
0.640087
0.662046
0.734735
0.752687
0.702195
0.63021
0.676627
0.556536
0.634983
0.60088
0.549008
0.702285
0.597918
0.507283
0.588298
0.672527
0.553973
0.411406
0.601001
0.740987
0.447652
0.450184
0.894052
0.578588
0
0.316484
0.349268
0.416551
0.642869
0.633594
0.619545
0.815061
0.78909
0.743807
0.759317
0.792614
0.89198
0.86792
0.794917
0.808805
0.798909
0.614247
0.696296
0.816433
0.66857
0.651127
0.572774
0.537164
0.538376
0.635297
0.598395
0.557166
0.55352
0.668635
0.562803
0.508655
0.515014
0.556227
0.481957
0.578889
0.419284
