0.41807
0.528236
0.571972
0.614046
0.551726
0.621623
0.645058
0.707627
0.684003
0.647319
0.665004
0.611777
0.577513
0.567907
0.481132
0.545856
0.502408
0.599268
0.658878
0.6583
0.648711
0.62362
0.675154
0.644828
0.624158
0.62301
0.612741
0.665507
0.681267
0.649982
0.598623
0.593744
0.567736
0.630137
0.552335
0.670481
0.563425
0.517262
0.625635
0.637372
0.665243
0.613645
0.611877
0.6202
0.618299
0.560433
0.592393
0.6416
0.64954
0.601769
0.688569
0.667659
0.626874
0.783017
0.688771
0.72116
0.747355
0.63191
0.595122
0.710182
0.694165
0.701247
0.68828
0.734084
0.696614
0.671284
0.684398
0.627134
0.646672
0.694398
0.663328
0.628052
0.659388
0.620369
0.698264
0.61945
0.622715
0.610546
0.582577
0.495573
0.474113
0.620477
0.601362
0.541732
0.676235
0.696864
0.669303
0.612158
0.677016
0.608717
0.587743
0.742347
0.788584
0.978862
0.877175
0.809154
0.895527
0.91571
0.783434
0.776385
0.822409
0.8233
0.741346
0.703245
0.823597
0.746703
0.718131
0.644065
0.734728
0.778046
0.775666
0.708805
0.670025
0.748871
0.668001
0.621834
0.551148
0.381792
0.406691
0
0.444534
0.411688
0.475677
0.426907
0.334893
0.488578
0.534375
0.63906
0.667418
0.700019
0.683802
0.746896
0.732902
0.690514
0.672593
0.733935
0.733675
0.670638
0.572867
0.541622
0.559986
0.517027
0.657944
0.578194
0.394797
0.53375
0.532353
0.636827
0.573988
0.585923
0.61455
0.552307
0.529973
0.528162
0.58099
0.549435
0.583791
0.618784
0.620417
0.528888
0.538887
0.561715
0.615457
0.587953
0.592131
0.521978
0.579149
0.602429
0.608321
0.563571
0.594997
0.617644
0.50972
0.515589
0.68819
0.684245
0.592565
0.556762
0.66453
0.645691
0.554762
0.607138
0.641104
0.6695
0.687129
0.842341
0.913752
0.814529
0.762861
0.891743
0.904861
0.794015
0.792584
0.708527
0.760437
0.702398
0.746958
0.699285
0.671807
0.733394
0.694985
0.743613
0.667718
0.580867
0.638664
0.691798
0.715395
0.683487
0.692848
0.690891
0.617774
0.599597
0.653808
0.641912
0.657803
0.753186
0.792852
0.92258
0.842281
0.832628
0.785235
0.79476
0.960897
0.783957
0.802508
0.958251
1
0.909655
0.993503
0.994521
0.986909
0.875775
0.87161
0.932544
0.907387
0.738665
0.754836
0.747713
0.70831
0.648062
0.608584
0.577557
0.539539
0.643855
0.718129
0.798291
0.769099
0.759386
0.736926
0.81665
0.910707
0.832448
0.70709
0.870029
0.831537
0.965495
0.908983
0.835252
0.791195
0.853844
0.84371
0.740758
0.884953
0.841301
0.724553
0.705342
0.683463
0.859728
0.748758
0.798213
0.802119
0.702397
0.7115
0.665666
0.678773
0.694317
0.711464
0.656937
0.71386
0.682588
0.582776
0.562558
0.678091
0.60432
0.502791
0.487092
0.584653
0.550095
0.506154
0.534006
