0.271544
0.281529
0.308894
0.314082
0.370061
0.409293
0.453824
0.456203
0.431946
0.436051
0.546224
0.510769
0.448954
0.496855
0.497923
0.422101
0.422064
0.461989
0.465209
0.488421
0.443926
0.45738
0.433328
0.47304
0.546006
0.475166
0.478309
0.522377
0.585931
0.503581
0.48748
0.544198
0.562337
0.497085
0.542155
0.587932
0.518586
0.519439
0.551307
0.54677
0.505401
0.456203
0.505401
0.498026
0.504493
0.515145
0.491349
0.46336
0.416196
0.496531
0.548387
0.57087
0.516872
0.477267
0.489399
0.46086
0.485441
0.456203
0.450186
0.534278
0.498026
0.391463
0.383437
0.376977
0.42335
0.374726
0.365151
0.395261
0.443926
0.448954
0.437394
0.46761
0.451408
0.430677
0.457012
0.410256
0.367639
0.357243
0.446461
0.442643
0.45738
0.437394
0.415734
0.434696
0.391463
0.407629
0.376977
0.362592
0.281529
0.289794
0.271544
0.258617
0.351537
0.421862
0.372422
0.400725
0.404228
0.424821
0.40594
0.391463
0.431946
0.385502
0.411725
0.40344
0.345426
0.429745
0.438948
0.359266
0.325438
0.360846
0.406943
0.422803
0.439349
0.428848
0.423513
0.463915
0.45262
0.459042
0.464447
0.443926
0.431946
0.451408
0.441348
0.426276
0.414155
0.417294
0.431946
0.383437
0.387527
0.391463
0.357243
0.412556
0.391463
0.365151
0.379177
0.348529
0.434696
0.451408
0.455018
0.462004
0.483431
0.511651
0.49154
0.485124
0.438234
0.480616
0.488046
0.43055
0.398933
0.379177
0.397112
0.443926
0.414155
0.43055
0.458548
0.455018
0.461471
0.423512
0.383202
0.418382
0.373166
0.444516
0.368114
0.37204
0.305146
0.370256
0.382183
0.387377
0.449436
0.441827
0.442434
0.462791
0.458548
0.456203
0.445199
0.441348
0.456203
0.45262
0.404228
0.400725
0.434696
0.407629
0.381329
0.351537
0.348529
0.327517
0.357243
0.397112
0.370061
0.389513
0.397112
0.418835
0.450186
0.453824
0.471967
0.517731
0.545192
0.552802
0.544531
0.560164
0.543702
0.561614
0.567344
0.54524
0.537458
0.542155
0.534278
0.493279
0.474106
0.485441
0.421862
0.46086
0.524488
0.502665
0.566634
0.563776
0.564274
0.512239
0.521454
0.548194
0.46747
0.482264
0.434746
0.479055
0.499568
0.546333
0.543702
0.510769
0.504493
0.464269
0.498026
0.458548
0.456203
0.523654
0.464269
0.418835
0.470888
0.480374
0.488417
0.515145
0.500822
0.456203
0.466504
0.498026
0.526147
0.549048
0.539033
0.536777
0.526735
0.485991
0.440164
0.418404
0.484577
0.424819
0.384869
0.401027
0.373424
0.449853
0.44143
0.370688
0.393629
0.415022
0.409739
0.445199
0.373202
0.408762
0.436353
0.366575
0.340314
0.407997
0.356483
0.341916
0.346481
0.353098
0.284127
0.251885
0.219565
0.248395
0.28917
0.361625
0.350498
0.437612
0.385788
0.328114
0.399365
0.47716
0.456111
0.468328
0.392851
0.38003
0.49745
0.492563
0.462461
0.451751
0.462657
0.419911
0.389209
0.466402
0.490039
0.449148
0.454118
0.532531
0.507146
0.43496
0.47401
0.498564
0.508632
0.531887
0.533966
0.497776
0.510345
0.44967
0.423914
0.52311
0.475879
0.476575
0.475458
0.468596
0.493845
0.414101
0.383273
0.452713
0.453875
0.509083
0.534762
0.537881
0.538982
0.532715
0.556295
0.568053
0.555791
0.572386
0.537458
0.464269
0.458548
0.489399
0.535873
0.550556
0.492316
0.55577
0.560964
0.511651
0.466504
0.539446
0.551247
0.528615
0.499894
0.534857
0.527374
0.557628
0.510258
0.553547
0.518586
0.485441
0.509884
0.560327
0.56089
0.54293
0.544604
0.519776
0.569176
0.54055
0.533198
0.515457
0.520959
0.508584
0.513778
0.547864
0.548968
0.504732
0.522296
0.529222
0.556832
0.497274
0.534754
0.549852
0.557064
0.536395
0.56284
0.577118
0.593211
0.549497
0.552056
0.519439
0.504493
0.515145
0.438724
0.42914
0.459709
0.442643
0.407629
0.415734
0.415734
0.446461
0.502665
0.445199
0.498962
0.515145
0.55577
0.547531
0.552056
0.551333
0.541378
0.485441
0.484834
0.544473
0.456203
0.466504
0.580536
0.57227
0.553547
0.544087
0.530246
0.485441
0.537458
0.566634
0.529432
0.483431
0.552802
0.557976
0.471967
0.458548
0.515145
0.527795
0.459709
0.453824
0.508102
0.445199
0.48743
0.471967
0.516872
0.492316
0.494238
0.516011
0.431946
0.415734
0.484438
0.521134
0.488417
0.516872
0.530246
0.510769
0.470888
0.488417
0.489399
0.47622
0.462004
0.45262
0.463141
0.418835
0.407629
0.456203
0.470888
0.514277
0.572967
0.516011
0.539033
0.562337
0.65424
0.609214
0.603534
0.683773
0.707999
0.667575
0.591805
0.693476
0.60025
0.716901
0.765307
0.804719
0.842865
0.885064
0.888196
0.860549
0.863746
0.891755
0.940785
0.753756
0.911971
0.942955
0.822562
0.777804
0.712903
0.752913
0.674665
0.709551
0.681124
0.687769
0.602811
0.599034
0.606638
0.67876
0.621378
0.612375
0.660097
0.634493
0.707569
0.662873
0.572651
0.708909
0.610466
0.644625
0.612452
0.677481
0.625199
0.528519
0.791396
0.799816
0.855938
0.713522
0.615819
0.686854
0.814317
0.762404
0.72368
0.557931
0.945031
0.729187
0.590093
0.631291
0.324692
0.487736
0.306532
0.261738
0.296262
0.28746
0.377276
0
0.359357
0.449784
0.551585
0.681343
0.547139
0.666492
0.633884
0.637013
0.555595
0.45965
0.479575
0.580942
0.560883
0.644088
0.48523
0.65325
0.420131
0.352237
0.515426
0.260663
0.501984
0.361408
0.368234
0.406339
0.385753
0.438236
0.513038
0.402874
0.489005
0.468064
0.668621
0.649786
0.727536
0.674262
0.633202
0.66317
0.705361
0.576128
0.574962
0.698141
0.594463
0.591321
0.631704
0.668213
0.527566
0.524639
0.652347
0.622163
0.54741
0.547681
0.534181
0.684202
0.690375
0.588237
0.675302
0.784398
0.791919
0.921587
0.900046
0.843661
0.55842
0.362294
0.40769
0
0.31625
0.377373
0.466448
0.564169
0.69666
0.616479
0.721943
0.799141
0.772742
0.652061
0.607458
0.534549
0.477703
0.493932
0.482619
0.464096
0.422782
0.319689
0.295028
0.342903
0.432979
0.471117
0.455633
0.466865
0.530177
0.46554
0.453633
0.551816
0.541228
0.47688
0.660892
0.629114
0.619687
0.728672
0.654594
0.758869
0.762429
0.804861
0.643036
0.730798
0.710446
0.605187
0.74246
0.710144
0.723568
0.829476
0.864478
0.844863
0.848853
0.727568
0.602936
0.586397
0.470305
0
0.480047
0.632418
0.656229
0.495021
0.743001
0.884425
0.814061
0.746126
0.834056
0.849533
0.685985
0.670017
0.61447
0.721247
0.756619
0.577606
0.643727
0.573025
0.629736
0.392053
0.507448
0.574647
0.428862
0.437499
0.589502
0.593543
0.573234
0.487376
0.544531
0.727639
0.60794
0.579737
0.694351
0.543276
0.622948
0.689487
0.631265
0.607177
0.6791
0.501632
0.490928
0.500823
0.49019
0.562884
0.649601
0.753049
0.784307
0.679467
0.555948
0.731467
0.613615
0.789015
0.750769
0.669945
0.902832
0.804794
0.692643
0.703649
0.697756
0.771701
0.91076
0.771286
0.774783
0.809513
0.691639
0.701508
0.641573
0.745582
0.747963
0.646639
0.542815
0.577091
0.631704
0.548996
0.429351
0.48424
0.355707
0.446931
0.466841
0.535033
0.481633
0.536562
0.638313
0.910649
0.728628
0.656181
0.767495
0.710086
0.629897
0.571389
0.450066
0.506042
0.701398
0.649331
0.546235
0.702697
0.746022
0.619272
0.630114
0.763386
0.768957
0.717977
0.719908
0.777811
0.748443
0.60034
0.623359
0.606069
0.678428
0.748898
0.744061
0.551307
0.587932
0.532673
0.629952
0.57643
0.539033
0.612711
0.667126
0.537201
0.561839
0.491846
0.455712
0.571159
0.619036
0.528824
0.582081
0.604553
0.634859
0.729716
0.703836
0.630933
0.721694
0.741962
0.662708
0.516183
0.528813
0.623962
0.547531
0.633504
0.609214
0.651982
0.70313
0.690647
0.634682
0.685804
0.739022
0.657608
0.58926
0.625067
0.612954
0.667903
0.54677
0.719896
0.652547
0.638196
0.634682
0.734295
0.731339
0.669217
0.758963
0.789035
0.776352
0.763239
0.851358
0.831285
0.790347
0.710675
0.738847
0.782418
0.786003
0.807902
0.794724
0.825189
1
0.860477
0.837505
0.900247
0.923709
0.898859
0.763064
0.828009
0.902519
0.732303
0.807498
0.841657
0.665806
0.612801
0.72899
0.725136
0.6751
0.581463
0.562394
0.578754
0.517591
0.497427
0.715022
0.644472
0.710047
0.747062
0.703042
0.660516
0.729422
0.560748
0.542459
0.561167
0.574397
0.688929
0.678657
0.624546
0.682454
0.682243
0.614449
0.640811
0.633055
0.587816
0.849392
0.79481
0.781124
0.760606
0.96058
0.769118
0.549012
0.721178
0.930922
0.846381
0.691282
0.666775
0.809476
0.651202
0.705351
0.739125
0.735639
0.715426
0.600212
0.594234
0.518184
0.459401
0.491977
0.613092
0.601578
0.923412
0.887756
0.608689
0.748203
0.877531
0.776546
0.932134
0.962096
0.801022
0.931743
0.713458
0.687334
0.597052
0.632965
0.602312
0.556103
0.351537
0.412556
0.445199
0.475166
0.426276
0.446461
0.530947
0.505401
0.452685
0.479391
0.477093
0.443511
0.432717
0.494867
0.479626
0.539787
0.506305
0.508994
0.515145
0.515214
0.623359
0.569465
0.539518
0.527294
0.607528
0.535794
0.482791
0.56797
0.599054
0.535873
0.594518
0.621324
0.547531
0.57574
0.579173
0.581215
0.535873
0.490376
0.51253
0.56089
0.560164
0.577118
0.560164
0.525823
0.45241
0.537005
0.516011
0.629952
0.537924
0.526147
0.571571
0.519439
0.546006
0.493279
0.477267
0.555031
0.535873
0.431946
0.40594
0.407629
0.46761
0.385502
0.376977
0.410935
0.46539
0.462004
0.45262
0.521134
0.471967
0.450366
0.428309
0.396034
0.389501
0.367639
0.448527
0.415734
0.446461
0.436051
0.431946
0.45738
0.409293
0.389513
0.338757
0.281529
0.281529
0.258617
0.258617
0.323334
0.370061
0.420357
0.374726
0.40594
0.410935
0.404228
0.40249
0.372422
0.431946
0.412263
0.433666
0.430087
0.398402
0.474143
0.435234
0.382894
0.347475
0.380479
0.45351
0.472985
0.479482
0.47768
0.471477
0.491077
0.515974
0.479725
0.514277
0.486438
0.458548
0.459709
0.46539
0.447713
0.418835
0.437394
0.409293
0.395261
0.414155
0.409293
0.357243
0.42335
0.395261
0.362592
0.397112
0.354438
0.418835
0.450186
0.478309
0.475166
0.498894
0.516135
0.440839
0.443616
0.406035
0.447277
0.46999
0.459446
0.484438
0.458548
0.455018
0.511651
0.475166
0.496141
0.529635
0.502357
0.487988
0.441767
0.407864
0.417915
0.357763
0.397274
0.362559
0.421375
0.372299
0.435067
0.459413
0.43316
0.47295
0.433754
0.432431
0.477491
0.511158
0.531338
0.520288
0.464269
0.458698
0.510769
0.462004
0.456203
0.497835
0.46539
0.387527
0.440042
0.418835
0.345405
0.387527
0.448954
0.42335
0.441348
0.437394
0.47622
0.488417
0.509884
0.538247
0.54524
0.525198
0.509609
0.537428
0.5762
0.55429
0.588597
0.587267
0.57643
0.559437
0.565208
0.54524
0.502665
0.480374
0.500822
0.450186
0.470888
0.542155
0.526147
0.601621
0.608997
0.552863
0.525369
0.548655
0.557509
0.488043
0.476759
0.442849
0.493422
0.515308
0.542534
0.615427
0.556507
0.577804
0.549803
0.57087
0.518586
0.544473
0.565922
0.505401
0.483431
0.523654
0.506305
0.532673
0.57574
0.58926
0.523654
0.552802
0.573662
0.59841
0.604804
0.556572
0.564161
0.519396
0.49356
0.432045
0.389091
0.516481
0.455597
0.397237
0.426686
0.399801
0.453266
0.457384
0.35818
0.397579
0.422081
0.423536
0.450663
0.384008
0.414281
0.443008
0.344611
0.342807
0.409358
0.367063
0.288297
0.339063
0.380593
0.311434
0.280209
0.256245
0.270495
0.341859
0.339559
0.375837
0.452083
0.398768
0.375624
0.437331
0.518804
0.472293
0.467407
0.430409
0.43976
0.533404
0.486083
0.438846
0.456222
0.537033
0.504491
0.407184
0.467839
0.555857
0.515658
0.46029
0.544077
0.554187
0.51028
0.503826
0.512868
0.540604
0.567648
0.605744
0.527795
0.568053
0.513275
0.492461
0.545979
0.500842
0.493212
0.52758
0.498859
0.497963
0.47113
0.441246
0.4668
0.493649
0.455797
0.547813
0.531459
0.526883
0.591067
0.600786
0.57574
0.593937
0.612954
0.533477
0.45262
0.421862
0.504493
0.538247
0.541378
0.471967
0.526972
0.585262
0.552056
0.488417
0.556507
0.592538
0.535873
0.489693
0.517802
0.544045
0.591819
0.522266
0.557976
0.547531
0.505401
0.531867
0.602897
0.593865
0.549048
0.609687
0.579835
0.613798
0.552887
0.532758
0.571292
0.589307
0.582782
0.559946
0.608731
0.575805
0.533129
0.566345
0.580864
0.594088
0.5332
0.572985
0.61834
0.594997
0.537701
0.551964
0.560092
0.621739
0.55748
0.577134
0.553547
0.565922
0.564493
0.526147
0.529432
0.515145
0.47304
0.433328
0.47304
0.437394
0.463141
0.525319
0.455018
0.531058
0.526972
0.563776
0.57849
0.57574
0.559732
0.562093
0.520288
0.559622
0.57368
0.506305
0.518586
0.626369
0.585262
0.59841
0.596417
0.557976
0.511651
0.5866
0.635632
0.568053
0.508994
0.603534
0.583945
0.469802
0.514277
0.55577
0.542155
0.486438
0.501746
0.525319
0.478309
0.517731
0.443926
0.539817
0.508102
0.475166
0.514277
0.434696
0.440042
0.494238
0.51253
0.492316
0.541378
0.565208
0.527795
0.498026
0.541378
0.526972
0.502665
0.495191
0.47622
0.498962
0.46539
0.443926
0.48743
0.478309
0.503581
0.570168
0.521134
0.528615
0.562337
0.690121
0.583919
0.571571
0.67802
0.655208
0.616707
0.566616
0.663954
0.6132
0.698325
0.723963
0.775501
0.728225
0.730719
0.864312
0.812022
0.817783
0.84371
0.873624
0.713297
0.799102
0.856496
0.90508
0.792535
0.791345
0.802574
0.712575
0.754902
0.670597
0.65462
0.565394
0.55824
0.584066
0.676704
0.60498
0.522815
0.576607
0.696547
0.676656
0.64741
0.578413
0.680306
0.599235
0.676716
0.52745
0.649812
0.660814
0.559294
0.800514
0.710092
0.750949
0.775453
0.701283
0.682004
0.698432
0.717464
0.645403
0.494389
0.748368
0.620498
0.480963
0.59333
0.337374
0.445825
0.351707
0.294027
0.313754
0.262264
0.325151
0
0.305017
0.405554
0.490365
0.585447
0.488267
0.673396
0.600556
0.642984
0.543655
0.394822
0.426831
0.449478
0.499432
0.564022
0.380678
0.337796
0.276328
0.251575
0.37031
0.263329
0.47327
0.426778
0.389447
0.381101
0.453117
0.425613
0.51777
0.438416
0.514161
0.520318
0.642428
0.580946
0.660465
0.671496
0.600975
0.642116
0.655618
0.524126
0.484847
0.612135
0.579623
0.511167
0.47874
0.508431
0.535573
0.401348
0.523712
0.542748
0.448692
0.494258
0.507806
0.597408
0.547429
0.502917
0.547489
0.617599
0.659407
0.767421
0.707611
0.694959
0.561724
0.384049
0.400749
0
0.328066
0.36106
0.415218
0.473961
0.597384
0.544274
0.667846
0.754034
0.737195
0.649504
0.573444
0.473303
0.440413
0.432691
0.451398
0.470342
0.427415
0.304725
0.286706
0.395924
0.463701
0.479329
0.477852
0.478515
0.514499
0.479378
0.500897
0.620108
0.533032
0.441398
0.567755
0.576598
0.535095
0.686858
0.646836
0.650933
0.655714
0.620141
0.522202
0.640588
0.541225
0.511434
0.546248
0.541186
0.594802
0.615857
0.735302
0.725957
0.768297
0.698373
0.542383
0.503393
0.359075
0
0.44104
0.571164
0.50185
0.41713
0.588205
0.772863
0.587751
0.619977
0.703206
0.717873
0.642318
0.714931
0.660056
0.691248
0.721841
0.544296
0.636185
0.600136
0.571361
0.431857
0.488102
0.552183
0.413777
0.441301
0.590114
0.565807
0.561753
0.493404
0.532033
0.575281
0.589933
0.53439
0.628918
0.543389
0.552791
0.613
0.564408
0.576922
0.653934
0.515605
0.544009
0.552647
0.532314
0.549395
0.620449
0.706064
0.680051
0.613013
0.460913
0.669295
0.534705
0.720466
0.674317
0.643049
0.786059
0.721299
0.66882
0.686886
0.723204
0.764244
0.718615
0.683619
0.643912
0.637289
0.69891
0.732122
0.667671
0.76323
0.717511
0.637201
0.557338
0.558835
0.63186
0.553422
0.472258
0.515291
0.373421
0.446469
0.466381
0.551799
0.48169
0.529506
0.609939
0.786532
0.616882
0.609152
0.68405
0.689184
0.552798
0.517941
0.446531
0.478973
0.701267
0.64483
0.535837
0.689612
0.740757
0.593365
0.647483
0.734489
0.758133
0.669322
0.726261
0.777344
0.757532
0.66173
0.642838
0.625769
0.667575
0.749682
0.711098
0.623963
0.65984
0.594518
0.660397
0.592943
0.564493
0.622962
0.608411
0.553581
0.504812
0.525952
0.508208
0.567402
0.645085
0.509809
0.542906
0.518092
0.618001
0.692
0.630046
0.640024
0.657316
0.674768
0.608566
0.507731
0.527369
0.59192
0.563057
0.637028
0.575049
0.597117
0.680946
0.685897
0.625769
0.657123
0.756916
0.658725
0.573662
0.587047
0.603549
0.654056
0.544473
0.691698
0.656488
0.646861
0.613574
0.722899
0.72589
0.664275
0.767494
0.782408
0.724394
0.751149
0.833598
0.831524
0.755856
0.70375
0.746496
0.725868
0.770554
0.749236
0.755971
0.771294
0.826311
0.735445
0.715971
0.745138
0.923562
0.832014
0.673539
0.768577
0.8978
0.691105
0.75
0.87677
0.721781
0.578433
0.705605
0.790976
0.681048
0.592437
0.576273
0.594807
0.537231
0.501964
0.687787
0.616391
0.664254
0.691634
0.665879
0.558493
0.583316
0.477774
0.469822
0.498542
0.550941
0.587383
0.508706
0.543334
0.594473
0.5837
0.595214
0.597084
0.586954
0.635694
0.71129
0.663909
0.66595
0.691963
0.799991
0.740032
0.58955
0.75666
0.874359
0.746966
0.633808
0.643489
0.753767
0.5981
0.663505
0.668736
0.623543
0.566239
0.597632
0.591293
0.438413
0.379281
0.363936
0.374328
0.449042
0.725338
0.751814
0.558457
0.658712
0.768913
0.655731
0.772242
0.787645
0.636682
0.75705
0.737708
0.712875
0.642588
0.677639
0.648014
0.561502
