0.597852
0.577824
0.571872
0.616293
0.494733
0.383002
0.366378
0.577592
0.580313
0.614873
0.637196
0.598319
0.473285
0.573285
0.498953
0.502247
0.464497
0.542041
0.621703
0.608392
0.68179
0.688285
0.660321
0.525672
0.520806
0.68751
0.545907
0.53501
0.450343
0.383667
0.406256
0.533089
0.485233
0.474343
0.581275
0.59429
0.616504
0.584276
0.609353
0.531818
0.515554
0.573555
0.57461
0.523282
0.507576
0.462965
0.471524
0.494031
0.523905
0.538291
0.544343
0.650372
0.614979
0.619951
0.628942
0.661859
0.62539
0.632242
0.581419
0.649422
0.610593
0.565519
0.625141
0.590095
0.577279
0.615087
0.616944
0.53783
0.545713
0.546778
0.501596
0.617231
0.745952
0.617577
0.617747
0.512386
0.618117
0.437997
0.495948
0.415357
0.524936
0.635398
0.484849
0.689623
0.416928
0.64172
0.787905
0.736384
0.561496
0.506052
0.507348
0.646999
0.527558
0.535706
0.593797
0.452068
0.409405
0.533011
0.455605
0.440755
0.452193
0.473984
0.481106
0.587508
0.699384
0.708238
0.633138
0.726293
0.600231
0.79545
0.652876
0.558199
0.511382
0.654858
0.792741
0.656263
0.653583
0.747321
0.715793
0.589995
0.655313
0.796869
0.754483
0.770642
0.687049
0.760654
0.869688
0.71205
0.700715
0.715408
0.73306
0.633871
0.641656
0.577446
0.583572
0.633835
0.584078
0.539203
0.587898
0.619945
0.527467
0.589298
0.639126
0.551043
0.410258
0.621538
0.596592
0.740626
0.526911
0.421485
0.372143
0.337515
0.507468
0.524081
0.569056
0.632819
0.714902
0.678537
0.590552
0.629032
0.611447
0.533262
0.51524
0.58993
0.566713
0.52883
0.530001
0.554752
0.543381
0.532717
0.551271
0.545561
0.626626
0.659106
0.636538
0.659475
0.678796
0.737936
0.741554
0.75655
0.745994
0.721997
0.776583
0.76077
0.811513
0.833901
0.856233
0.828
0.839972
0.827084
0.83442
0.780721
0.78686
0.805096
0.6905
0.638016
0.654053
0.722495
0.666058
0.610443
0.818934
0.740651
0.641592
0.564022
0.332751
0
0.314402
0.460072
0.349439
0.531481
0.4961
0.430494
0.360986
0.3866
0.528037
0.400448
0.364405
0.447802
0.361694
0.421899
0.473554
0.402763
0.431695
0.564368
0.555738
0.558885
0.433017
0.525306
0.362996
0.435357
0.605059
0.494713
0.403784
0.586422
0.611809
0.524771
0.599087
0.615655
0.49744
0.604248
0.788209
0.753601
0.757821
0.682909
0.91655
0.870259
1
0.962931
0.900048
0.898323
0.895811
0.861922
0.805236
0.741186
0.514367
0.723283
0.739787
0.957251
0.828038
0.761503
0.855165
0.538295
0.325552
0.456754
0.4464
0.595971
0.528356
0.513214
0.455989
0.476436
0.471934
0.428765
0.460818
0.482419
0.502872
0.502172
0.510291
0.565779
0.507358
0.448293
0.442408
0.543321
0.497506
0.385506
0.355809
0.504737
0.65904
0.51342
0.558161
0.579076
0.534859
0.662517
0.726981
0.606593
0.60955
0.627914
0.574853
0.50567
0.369863
0.35843
0.467517
0.528439
0.737287
0.611773
0.776895
0.683249
0.56852
0.516395
0.771689
0.849313
0.69501
0.707654
0.61804
0.696217
0.452933
0.438743
0.511207
0.310928
0.345596
0.525151
0.453903
0.488264
0.531371
0.485242
0.496613
0.435947
0.395164
0.404658
0.431912
0.410176
0.422772
0.358768
0.379192
0.407385
0.418787
0.420381
0.399629
0.310503
0.319441
0.491534
0.494244
0.526073
0.50272
0.539966
0.522217
0.495599
0.460662
0.476574
0.47769
0.524786
0.591674
0.555772
0.496736
0.513035
0.541265
0.520631
0.354159
0.469175
0.556095
0.596736
0.535613
0.547984
0.589526
0.662065
0.782774
0.638337
0.567632
0.66906
0.629945
0.617328
0.632576
0.686885
0.601529
0.600739
0.625147
0.581644
0.563243
0.606735
0.579706
0.461824
0.474863
0.489121
0
0.283666
0.326608
0.423786
0.453694
0.524058
0.564257
0.560584
0.622785
0.499959
0.535371
0.600385
0.584558
0.48022
0.443353
0.528513
0.580394
0.467316
0.425865
0.508013
0.629239
0.616527
0.657802
0.594638
0.682734
0.738632
0.683427
0.600504
0.602889
0.578295
0.730632
0.68881
0.642031
0.5122
0.534151
0.422248
0.532749
0.448027
0.326163
0.398579
0.533988
0.51899
0.549012
0.443419
0.586986
0.437992
0.376062
0.395992
0.485457
0.488527
0.59282
0.503338
0.501502
0.519713
0.440703
0.520893
0.626262
0.581317
0.635665
0.565611
0.478583
0.502059
0.413012
0.479699
0.496979
0.504537
0.543193
0.536626
0.646173
0.644155
0.569662
0.609207
0.670137
0.587736
0.565988
0.589106
0.549417
0.556595
0.669728
0.627092
0.603609
0.614635
0.614439
0.677884
0.524443
0.502909
0.467611
0.468845
0.579917
0.467885
0.431822
0.557103
0.507625
0.477987
0.560651
0.551102
0.396951
0.451566
0.40685
0.361926
0.440774
0.437895
0.457082
