0.473754
0.622879
0.563208
0.600651
0.644447
0.633411
0.51776
0.561637
0.632042
0.583411
0.547131
0.557866
0.513662
0.561675
0.555754
0.691128
0.814534
0.694022
0.691713
0.67724
0.788296
0.727053
0.677218
0.672908
0.753814
0.859042
0.736611
0.730347
0.760731
0.630705
0.734786
0.780376
0.602712
0.626351
0.727567
0.707967
0.73649
0.695159
0.554048
0.651066
0.572267
0.587468
0.534926
0.499818
0.640231
0.555328
0.50359
0.576833
0.485373
0.438523
0.494168
0.472502
0.445415
0.328188
0.377229
0.407468
0.350237
0.35749
0.340049
0.494822
0.425618
0.392054
0.500031
0.46208
0.411156
0.349832
0.430589
0.428826
0.450427
0.482134
0.460087
0.476461
0.570622
0.491893
0.587494
0.600505
0.602056
0.559286
0.548627
0.594732
0.535138
0.489936
0.509745
0.381309
0.326615
0.375898
0.338785
0.381814
0.310955
0.349565
0.360764
0.214249
0
0.249675
0.314148
0.415575
0.283995
0.306901
0.403893
0.393213
0.557754
0.442558
0.493024
0.741058
0.561705
0.489972
0.499645
0.504739
0.436613
0.424844
0.433562
0.444841
0.385556
0.755363
0.78679
0.789399
0.657222
0.691586
0.66016
0.618845
0.541628
0.499701
0.602558
0.760892
0.647874
0.605485
0.785306
0.755892
0.668868
0.613008
0.492141
0.404189
0.464691
0.420125
0.378574
0.57174
0.533291
0.568584
0.616184
0.631179
0.6169
0.705264
0.579729
0.653506
0.299387
0
0.509115
0.511144
0.380411
0.397236
0.333282
0.377404
0.418012
0.557542
0.752193
0.640352
0.529082
0.935175
0.794786
0.733817
0.935726
0.63262
0.367573
0
0.463795
0.503564
0.528602
0.62007
0.639452
0.572257
0.601643
0.557314
0.469664
0.680406
0.533291
0.55621
0.514661
0.437375
0.365088
0.62911
0.611158
0.767784
0.735808
0.627914
0.670256
0.591981
0.552288
0.491384
0.412012
0.454645
0.462876
0.444709
0.434488
0.468598
0.455856
0.484536
0.433782
0.506649
0.757026
0.708612
0.771831
0.6336
0.507474
0.530476
0.3348
0.418055
0.397796
0.26836
0.36653
0.422893
0.490356
0.492418
0.463303
0.494594
0.671899
0.53051
0.572108
0.613517
0.631249
0.475546
0.455302
0.640137
0.651779
0.558471
0.501571
0.571379
0.610579
0.545539
0.474086
0.432701
0.481079
0.541468
0.535231
0.459256
0.324218
0
0
0.522592
0.32813
0.412701
0.418705
0.522904
0.551674
0.426372
0.479901
0.459002
0.444574
0.356896
0.433722
0.494266
0.422737
0.322403
0.426804
0.50074
0.472869
0.434875
0.412415
0.459931
0
0
0.412022
0.524307
0.323229
0.455017
0.723736
0.725301
0.859674
0.687876
0.965364
0.787984
0.740288
0.686564
0.804826
0.741037
0.661493
0.550025
0.44006
0.483218
0.477525
0.420917
0.559904
0.523679
0.505695
0.49612
0.536866
0.591279
0.678381
0.61663
0.7138
0.777199
0.599125
0.566116
0.546788
0.504135
0.47909
0.529832
0.630178
0.479089
0.470174
0.728232
0.673214
0.491478
0.714693
0.710502
0.729515
0.72698
0.757789
0.652413
0.652852
0.605121
0.597769
0.546551
0.557165
0.56434
0.595071
0.565971
0.545041
0.618631
0.644149
0.590005
0.503578
0.66386
0.646786
0.613064
0.673852
0.512795
0.402524
0.526926
0.567503
0.697928
0.553684
0.60461
0.512064
0.435432
0.508497
0.411201
0.481206
0.363987
0.464231
0.382023
0.347467
0.390428
0.430737
0.385685
0.439863
0.546235
0.555639
0.580254
0.50981
0.515542
0.562754
0.439652
0.488501
0.451981
0.661303
0.554683
0.580443
0.64546
0.593855
0.675955
0.664876
0.725128
0.618688
0.638678
0.691381
0.609753
0.713426
0.659948
0.659668
0.642546
0.641717
0.575567
0.538111
0.346365
0.270219
0.290192
0.313086
0.43898
0.480113
0.506493
0.426539
0.434099
0.470452
0.50368
0.524546
0.535965
0.576652
0.713161
0.634864
0.559612
0.7032
0.695245
0.496996
0.473105
0.640327
0.558538
0.536308
0.513765
0.487288
0.364257
0.230289
0
0.28733
0.344521
0.297464
0.32258
0.413594
0.420256
0.465376
0.441491
0.426724
0.444544
0.45976
0.49974
0.457372
0.41216
0.512671
0.614919
0.47555
0.444312
0.585537
0.599123
0.451402
0.433866
0.381527
0.36491
0.313221
0.29388
0.293514
0.333862
0.270432
0.286509
0.415468
0.36941
0.406531
0.354164
0.392618
0.381077
0.398436
0.335515
0.423353
0.351249
0.428626
0.373841
0.490208
0.462043
0.439934
0.608058
0.485131
0.54306
0.665547
0.468101
0.520782
0.472842
0.635092
0.617833
0.801836
0.733446
0.665484
0.610439
0.654714
0.708907
0.5452
0.58267
0.409407
0.394648
0.379499
0.446891
0.508765
0.630383
0.598404
0.621037
0.710595
0.671366
0.783397
0.798773
0.730262
0.761153
0.797194
0.736372
0.650922
0.721079
0.590685
0.45966
0.416229
0.399401
0.446662
0.470881
0.443755
0.41187
0.401064
0.471696
0.576333
0.64582
0.671519
0.456129
0.334873
0.358314
0.470998
0.475167
0.456326
0.526804
0.744214
0.640689
0.639249
0.661592
0.787125
0.637466
0.580242
0.623576
0.749814
0.703898
0.586193
0.688864
0.744341
0.644634
0.581946
0.585651
0.481984
0.559212
0.624079
0.483703
0.55183
0.461985
0.439262
0.5188
0.489587
0.362884
0.402643
0.520204
0.482434
0.413366
0.444559
0.58564
0.516639
0.478244
0.500853
0.481346
0.544583
0.512745
0.518199
0.495901
0.717781
0.577063
0.543042
0.715332
0.685619
0.588752
0.547886
0.537066
0.59117
0.446073
0.639769
0.516379
0.45509
0.518449
0.63235
0.584065
0.733606
0.702659
0.548257
0.575688
0.689647
0.685101
0.589446
0.546378
0.503541
0.539064
0.518734
0.69293
0.771823
0.643878
0.621528
0.623736
0.712428
0.647202
0.629231
0.675066
0.746876
0.843077
0.702157
0.711133
0.718829
0.643817
0.809235
0.768033
0.783314
0.649371
0.602826
0.612891
0.709214
0.621685
0.553654
0.606739
0.53364
0.609691
0.547381
0.508296
0.718016
0.572268
0.479136
0.577456
0.47555
0.451228
0.473581
0.463007
0.432067
0.326451
0.319343
0.378241
0.332269
0.333924
0.337803
0.454893
0.39559
0.363194
0.481535
0.460757
0.387233
0.332617
0.429262
0.42716
0.48886
0.461772
0.445276
0.507056
0.623919
0.515118
0.60374
0.593683
0.57093
0.566073
0.549145
0.596921
0.536157
0.472922
0.535239
0.396458
0.372275
0.391434
0.353041
0.360036
0.281091
0.330522
0.345402
0.187978
0
0.241561
0.317981
0.409766
0.298592
0.318107
0.393264
0.369993
0.593387
0.44536
0.463361
0.633254
0.522539
0.454873
0.450014
0.563121
0.411334
0.439599
0.505595
0.500582
0.448795
0.814634
0.703442
0.850388
0.701306
0.728745
0.663465
0.668722
0.566964
0.501543
0.60812
0.766379
0.705517
0.651901
0.742066
0.771658
0.724953
0.631772
0.496718
0.426295
0.482547
0.412607
0.409838
0.568953
0.540123
0.608043
0.62253
0.660445
0.66325
0.637246
0.562039
0.59737
0.325114
0
0.47992
0.5366
0.394154
0.447649
0.336871
0.425814
0.406149
0.499712
0.704522
0.572535
0.474836
0.830054
0.745207
0.662255
0.764595
0.529538
0.342054
0
0.420894
0.472918
0.450762
0.645919
0.663342
0.563936
0.547457
0.619187
0.536715
0.658066
0.48785
0.520217
0.447244
0.40453
0.356804
0.579983
0.509662
0.823847
0.835698
0.638374
0.677586
0.630304
0.58095
0.490987
0.415624
0.425364
0.387433
0.350102
0.393883
0.404476
0.397259
0.478113
0.451121
0.517857
0.695132
0.722209
0.736765
0.63457
0.464181
0.515897
0.299256
0.403098
0.386999
0.275301
0.371531
0.442571
0.49443
0.492521
0.480621
0.547673
0.739347
0.593739
0.595839
0.611022
0.644759
0.450751
0.482619
0.670728
0.656514
0.585862
0.544336
0.630529
0.633316
0.553538
0.520508
0.47151
0.47643
0.575258
0.479108
0.389457
0.34619
0
0
0.542838
0.365769
0.433397
0.419826
0.542477
0.58491
0.438304
0.492772
0.508225
0.504817
0.361429
0.443377
0.553252
0.397547
0.302083
0.444529
0.529416
0.488309
0.45305
0.491864
0.501395
0
0
0.442805
0.532103
0.323866
0.439473
0.699769
0.764408
0.82649
0.64804
0.904989
0.810422
0.778242
0.717334
0.710886
0.723251
0.698155
0.595152
0.50495
0.508996
0.503275
0.48661
0.570789
0.536278
0.550565
0.504887
0.553082
0.594215
0.679022
0.612087
0.785377
0.837586
0.670619
0.58258
0.598788
0.54861
0.499108
0.499177
0.63294
0.534347
0.525917
0.759389
0.728659
0.547642
0.650336
0.777666
0.779839
0.678173
0.683135
0.724901
0.709154
0.544847
0.560669
0.530436
0.695443
0.668563
0.645955
0.594559
0.666601
0.70426
0.684097
0.588476
0.566597
0.730769
0.629831
0.656619
0.669854
0.553177
0.439694
0.512327
0.550223
0.702106
0.606649
0.62968
0.523195
0.441596
0.53859
0.434372
0.502889
0.371496
0.479028
0.395828
0.324001
0.367259
0.439622
0.392382
0.435983
0.598985
0.588199
0.566234
0.490006
0.55998
0.551852
0.434902
0.490268
0.522412
0.649164
0.560401
0.58588
0.698202
0.573504
0.667
0.664299
0.729502
0.598747
0.640965
0.688231
0.59292
0.756119
0.655966
0.706
0.707642
0.663489
0.615299
0.59801
0.383092
0.298946
0.321675
0.300068
0.476624
0.518337
0.549883
0.473417
0.468405
0.497535
0.537492
0.573048
0.568597
0.573885
0.706955
0.65987
0.547195
0.650147
0.644863
0.566724
0.553455
0.665551
0.544419
0.565238
0.55212
0.535137
0.412928
0.256095
0
0.306378
0.377653
0.319365
0.296861
0.401598
0.45665
0.491291
0.457403
0.448152
0.473197
0.50948
0.541993
0.512961
0.496589
0.566397
0.671993
0.519432
0.493874
0.603691
0.642275
0.468207
0.458058
0.435333
0.388405
0.336843
0.317104
0.312976
0.345213
0.277977
0.299965
0.441936
0.386584
0.453669
0.370579
0.405165
0.396137
0.396454
0.343801
0.441379
0.362868
0.452878
0.360322
0.451883
0.482686
0.432725
0.480112
0.480319
0.566611
0.742144
0.50091
0.546595
0.463014
0.641117
0.64279
0.841209
0.726956
0.689989
0.66114
0.691761
0.757972
0.554821
0.620982
0.48406
0.427363
0.402058
0.479537
0.483705
0.628739
0.559565
0.569553
0.667056
0.639797
0.7969
0.811969
0.730505
0.772965
0.863697
0.73153
0.685078
0.753121
0.604062
0.465055
0.410843
0.393818
0.468221
0.557407
0.475905
0.451979
0.446665
0.478231
0.551254
0.671916
0.664486
0.493211
0.359584
0.378997
0.489296
0.478474
0.479511
0.512978
0.722081
0.673844
0.705027
0.698371
0.815593
0.741905
0.668046
0.680486
0.7816
0.730448
0.599527
0.658481
0.747183
0.658375
0.602849
0.573685
0.450201
0.557579
0.673768
0.50514
0.568373
0.51863
0.492327
0.560691
0.555088
0.447282
0.467977
0.570342
0.569136
0.500232
0.557902
0.674301
0.592042
0.501186
0.544862
0.55996
0.563653
0.491545
0.497749
0.447997
0.719798
0.580493
0.586209
0.619275
0.716558
0.645877
0.56413
0.576468
0.613567
0.449268
0.66562
0.515435
0.514145
0.50494
0.455509
0.488046
0.639463
0.635901
0.476411
0.51245
0.594756
0.556286
0.552942
0.573793
0.510676
0.55782
0.521826
0.665486
0.821204
0.682957
0.640489
0.677939
0.757621
0.710786
0.663125
0.663135
0.786363
0.84696
0.718224
0.730323
0.663405
0.583978
0.758526
0.769294
0.635794
0.618267
0.635337
0.634006
0.710672
0.690762
0.552885
0.6509
0.539002
0.575937
0.527983
0.502426
0.622474
0.526066
0.484262
0.531933
0.557009
0.465729
0.499841
0.500413
0.452051
0.334635
0.3787
0.431627
0.349437
0.381826
0.390446
0.466124
0.438694
0.396577
0.524707
0.466024
0.481265
0.426044
0.347011
0.34597
0.571145
0.457118
0.450739
0.480028
0.633892
0.527239
0.61544
0.598683
0.591003
0.567704
0.543541
0.610314
0.558303
0.483321
0.522365
0.401556
0.361048
0.394025
0.347374
0.380582
0.29766
0.33577
0.374451
0.207888
0
0.250957
0.327514
0.434805
0.293252
0.321131
0.409825
0.385967
0.553116
0.447343
0.468679
0.603852
0.481723
0.448788
0.433193
0.523773
0.461736
0.474789
0.506868
0.436972
0.428658
0.822146
0.845361
0.814526
0.711474
0.619026
0.670713
0.686066
0.549883
0.496687
0.633808
0.774942
0.701057
0.655178
0.787803
0.778751
0.723946
0.639379
0.497409
0.416792
0.507054
0.44296
0.437205
0.56699
0.533584
0.603924
0.637637
0.653079
0.6542
0.667344
0.552255
0.611891
0.290081
0
0.507079
0.635289
0.45072
0.389432
0.291197
0.378958
0.413751
0.488513
0.714339
0.555737
0.543489
0.827105
0.650624
0.590735
0.826767
0.481668
0.329619
0
0.446848
0.471937
0.480731
0.722997
0.659774
0.56043
0.572198
0.597108
0.499803
0.679738
0.500927
0.539894
0.487543
0.417958
0.366357
0.588896
0.51791
0.781899
0.839449
0.656646
0.676411
0.541834
0.539159
0.490493
0.38932
0.432344
0.403416
0.364361
0.446113
0.431641
0.40341
0.452667
0.404263
0.469062
0.69524
0.708492
0.710596
0.689003
0.500288
0.448839
0.298063
0.358221
0.359152
0.272037
0.366241
0.406707
0.45893
0.460577
0.443433
0.494652
0.686054
0.569438
0.585538
0.601827
0.641709
0.489559
0.469418
0.664337
0.65081
0.577855
0.517421
0.624017
0.638781
0.553131
0.509134
0.479788
0.4991
0.558887
0.489399
0.459562
0.352433
0
0
0.478642
0.314229
0.439553
0.388457
0.507352
0.559914
0.47505
0.463
0.461647
0.469514
0.348404
0.436244
0.535945
0.424432
0.326064
0.442017
0.499676
0.47881
0.431214
0.4713
0.498229
0
0
0.434696
0.536441
0.30753
0.553571
0.830521
0.787694
0.855903
0.757863
1
0.891034
0.843024
0.703262
0.77674
0.760035
0.709711
0.60472
0.492944
0.509037
0.49466
0.431496
0.518576
0.483186
0.538971
0.492214
0.493016
0.502601
0.654708
0.63018
0.757148
0.873189
0.685386
0.616905
0.589604
0.536568
0.456823
0.58885
0.687577
0.516437
0.501688
0.833217
0.738589
0.523335
0.780021
0.766458
0.739862
0.748519
0.737469
0.663902
0.665977
0.541621
0.505284
0.519384
0.592354
0.579341
0.578222
0.524321
0.542577
0.647392
0.615821
0.532778
0.529771
0.678157
0.578045
0.631998
0.682498
0.527034
0.443215
0.523037
0.569835
0.693844
0.575938
0.570204
0.489512
0.421064
0.518297
0.421982
0.481583
0.352281
0.456402
0.358905
0.322975
0.373459
0.403459
0.367944
0.415613
0.495209
0.538863
0.533896
0.487427
0.523919
0.499628
0.400019
0.478084
0.488179
0.660308
0.570466
0.586492
0.664987
0.586163
0.681167
0.671822
0.692357
0.591884
0.628893
0.644622
0.58481
0.696755
0.644314
0.654547
0.663721
0.683195
0.58285
0.606359
0.388229
0.306436
0.327914
0.332593
0.461927
0.476349
0.5342
0.437483
0.435976
0.486503
0.508359
0.545685
0.564857
0.564592
0.650114
0.646807
0.552239
0.663462
0.644812
0.551769
0.534367
0.662452
0.552622
0.558949
0.550123
0.547399
0.411991
0.245415
0
0.295149
0.357972
0.335729
0.360224
0.390532
0.441768
0.478964
0.462452
0.471953
0.472206
0.485756
0.557175
0.515596
0.502777
0.546009
0.652739
0.50858
0.482243
0.606029
0.635484
0.505192
0.480274
0.439526
0.401551
0.34959
0.30089
0.306699
0.349269
0.275468
0.296898
0.435105
0.378678
0.431496
0.366072
0.388354
0.392137
0.38081
0.333455
0.432299
0.360036
0.448202
0.390619
0.466246
0.568254
0.466354
0.475668
0.453119
0.57026
0.668691
0.488684
0.520747
0.447802
0.651089
0.677935
0.82724
0.726117
0.685275
0.618934
0.666546
0.741776
0.57031
0.634441
0.471037
0.435645
0.393156
0.478327
0.508348
0.64095
0.586091
0.564181
0.68274
0.681535
0.741357
0.854003
0.749661
0.77732
0.864003
0.786342
0.691433
0.792445
0.674182
0.504836
0.454325
0.496539
0.565593
0.495129
0.449712
0.483597
0.430873
0.491841
0.632573
0.690371
0.720336
0.495956
0.347057
0.425247
0.541355
0.575636
0.560187
0.600504
0.755199
0.664125
0.713385
0.810383
0.794865
0.727511
0.681419
0.686506
0.770041
0.723298
0.633778
0.674607
0.785482
0.695222
0.629833
0.581526
0.472775
0.562748
0.660259
0.518225
0.588132
0.539574
0.488136
0.542272
0.550854
0.40203
0.441923
0.547148
0.551919
0.457156
0.545864
0.673938
0.52144
0.475178
0.523457
0.521467
0.563008
0.492004
0.521333
0.471999
0.730976
0.592394
0.574464
0.666569
0.726048
0.663049
0.590219
0.603773
0.568909
0.424911
0.534381
0.467397
0.415882
0.50235
0.646629
0.581207
0.704375
0.70187
0.554781
0.612223
0.631127
0.602135
0.589717
0.558996
0.516122
0.572254
0.523005
0.712258
0.820107
0.72824
0.681325
0.720892
0.770938
0.714327
0.692198
0.715142
0.783151
0.879694
0.734443
0.74831
0.709633
0.632505
0.794657
0.784944
0.760036
0.649373
0.677842
0.737765
0.778619
0.669428
0.587539
0.672388
0.590503
0.584789
0.531196
0.553095
0.664575
0.522687
0.473673
0.540047
0.471058
0.435723
0.462633
0.437729
0.434443
0.312557
0.316075
0.398027
0.34557
0.365232
0.372884
0.48833
0.431768
0.391326
0.520887
0.467732
0.388932
0.338321
0.408418
0.384662
0.489164
0.467125
0.445368
0.538159
0.650153
0.51827
0.607712
0.587258
0.565771
0.597673
0.552742
0.516803
0.458047
0.408399
0.516465
0.375174
0.331472
0.362404
0.324007
0.34052
0.255474
0.310811
0.347184
0.216958
0
0.282504
0.317021
0.40385
0.276204
0.294734
0.400461
0.379334
0.516754
0.437004
0.477736
0.605563
0.495193
0.44219
0.451278
0.553314
0.449769
0.434417
0.480083
0.486199
0.447683
0.731984
0.708353
0.82465
0.661642
0.710034
0.669757
0.639217
0.54161
0.499671
0.638732
0.780733
0.708932
0.620638
0.729869
0.745895
0.686118
0.582389
0.504213
0.441219
0.493839
0.397446
0.322943
0.549719
0.557306
0.585285
0.583539
0.573488
0.623129
0.640426
0.560228
0.59737
0.322312
0
0.466601
0.563851
0.437771
0.452144
0.377148
0.410436
0.395273
0.518107
0.660998
0.535922
0.48418
0.752163
0.700258
0.636439
0.745231
0.535375
0.351014
0
0.442262
0.501426
0.529206
0.743766
0.699416
0.625094
0.610173
0.61295
0.531627
0.678332
0.502271
0.550274
0.495253
0.410763
0.363682
0.602007
0.517526
0.746782
0.76043
0.671003
0.650062
0.631069
0.60115
0.567023
0.429091
0.433879
0.407904
0.378409
0.429016
0.441361
0.40088
0.469933
0.424832
0.47215
0.637206
0.671014
0.673222
0.58565
0.477741
0.526728
0.35213
0.431423
0.408631
0.280184
0.376811
0.473029
0.480214
0.509025
0.46266
0.541318
0.603142
0.457133
0.4802
0.624917
0.661393
0.497114
0.502476
0.688647
0.642932
0.622994
0.547999
0.56318
0.601137
0.580998
0.50926
0.509993
0.522648
0.635224
0.50806
0.385893
0.369612
0
0
0.571678
0.342609
0.423795
0.410739
0.542496
0.572572
0.471535
0.509269
0.490253
0.465678
0.373503
0.42604
0.502405
0.405421
0.303165
0.438244
0.501609
0.464911
0.444814
0.455434
0.488102
0
0
0.421898
0.507088
0.311396
0.570895
0.782752
0.739806
0.83565
0.693999
0.964932
0.80266
0.775668
0.705812
0.787411
0.76276
0.717891
0.563752
0.55059
0.514301
0.500119
0.44256
0.567646
0.517721
0.547156
0.51728
0.512485
0.623219
0.642565
0.642483
0.717946
0.836785
0.635923
0.568223
0.554769
0.518792
0.466963
0.502959
0.632316
0.505649
0.495427
0.810254
0.690413
0.51032
0.747733
0.773201
0.744838
0.647785
0.71814
0.70238
0.68372
0.598812
0.581626
0.54068
0.675487
0.649968
0.609432
0.581681
0.621748
0.680259
0.651533
0.567605
0.573475
0.699514
0.620131
0.597001
0.655693
0.482175
0.38701
0.507696
0.530418
0.691067
0.551968
0.616137
0.492065
0.423734
0.506543
0.421513
0.471816
0.368169
0.45319
0.380607
0.340608
0.392797
0.432204
0.373341
0.392416
0.572082
0.560728
0.563627
0.482128
0.542725
0.54059
0.419539
0.485688
0.502424
0.668516
0.570406
0.583094
0.661981
0.590951
0.68965
0.672267
0.710668
0.619181
0.671013
0.684952
0.563957
0.678575
0.652303
0.641543
0.643678
0.651293
0.587133
0.577097
0.378433
0.284437
0.305789
0.321744
0.483603
0.467566
0.524412
0.450589
0.463219
0.494426
0.506354
0.531149
0.546595
0.576004
0.699742
0.647883
0.534395
0.661141
0.677223
0.516794
0.506103
0.688609
0.596226
0.559582
0.601232
0.503467
0.427445
0.251882
0
0.275132
0.367595
0.303639
0.323267
0.408206
0.444448
0.469258
0.501825
0.45766
0.479087
0.504623
0.496265
0.476287
0.436911
0.5439
0.648355
0.48634
0.458308
0.588573
0.603291
0.463422
0.443178
0.423515
0.394156
0.342046
0.308887
0.317997
0.348309
0.27827
0.300206
0.435364
0.358137
0.401771
0.346779
0.375902
0.381599
0.379288
0.325936
0.416444
0.372666
0.463458
0.376667
0.499672
0.531586
0.433207
0.547527
0.459769
0.568565
0.71822
0.540215
0.553937
0.467017
0.680304
0.680687
0.813157
0.748487
0.719728
0.608903
0.635864
0.728773
0.581375
0.620708
0.422974
0.402235
0.399138
0.452491
0.49709
0.569158
0.584563
0.603653
0.678321
0.63113
0.767497
0.744625
0.689119
0.781248
0.836128
0.753549
0.688691
0.767889
0.588892
0.455006
0.421327
0.38608
0.458787
0.529752
0.460483
0.42689
0.416532
0.460269
0.586547
0.625971
0.621047
0.442951
0.313456
0.377899
0.497506
0.541614
0.556385
0.559634
0.719209
0.64546
0.697266
0.707034
0.797732
0.697522
0.613793
0.61879
0.746118
0.701687
0.603994
0.635043
0.760525
0.663814
0.60281
0.555783
0.439561
0.532741
0.6313
0.482909
0.48663
0.429919
0.419353
0.53127
0.519942
0.378284
0.406518
0.53273
0.520688
0.450292
0.567916
0.647602
0.553771
0.472493
0.541848
0.518251
0.572929
0.494445
0.501123
0.480994
0.719824
0.585957
0.587707
0.706527
0.764157
0.646382
0.55193
0.595454
0.583601
0.425237
0.54051
0.441489
