0.32211
0.402684
0.359999
0.33575
0.397071
0.423356
0.38916
0.40066
0.467543
0.436374
0.399641
0.488706
0.455446
0.421043
0.383146
0.498695
0.452972
0.417768
0.391301
0.473046
0.470305
0.427466
0.448804
0.417768
0.406675
0.498329
0.437685
0.389697
0.414448
0.451728
0.388621
0.368077
0.357427
0.345259
0.306582
0.276465
0.284423
0.348054
0.35936
0.374029
0.388621
0.389697
0.424733
0.480764
0.428821
0.450895
0.497596
0.516977
0.463159
0.483809
0.51768
0.519783
0.457085
0.494284
0.500376
0.504147
0.486453
0.551073
0.545102
0.536317
0.548416
0.550125
0.523964
0.549413
0.579659
0.545708
0.563879
0.549413
0.550953
0.632396
0.566478
0.537335
0.606311
0.683045
0.554379
0.567126
0.643266
0.561598
0.533936
0.642363
0.830937
0.768603
0.674255
0.713046
0.746671
0.664894
0.606981
0.662591
0.574534
0.51592
0.457085
0.412529
0.407168
0.360635
0.352146
0.382032
0.377503
0.383701
0.479617
0.461146
0.528797
0.557282
0.578549
0.577518
0.56232
0.523888
0.573657
0.608546
0.586606
0.577316
0.713666
0.641507
0.574221
0.617152
0.653757
0.535638
0.741477
0.818371
0.750971
0.663589
0.723677
0.850299
0.67901
0.808653
0.625037
0.748073
0.730379
0.631857
0.57081
0.46641
0.46807
0.464441
0.439339
0.42684
0.510363
0.411099
0.416325
0.549853
0.47943
0.402202
0.426438
0.538324
0.562369
0.606967
0.516199
0.524657
0.409133
0.434174
0.436111
0.541888
0.592229
0.652305
0.758569
0.677203
0.844742
0.792092
0.706453
0.781597
0.900185
0.781255
0.757575
0.862138
0.926841
0.838064
0.791525
0.83865
0.621254
0.55643
0.709664
0.746822
0.726753
0.764068
0.858644
0.787309
0.699519
0.796546
0.888955
0.780327
0.782242
0.786283
0.766095
0.698142
0.647335
0.842969
0.932448
0.782814
0.773996
0.519109
0.50706
0.475734
0.653954
0.667907
0.511101
0.514853
0.670684
0.639004
0.506213
0.449602
0.418239
0.475024
0.516703
0.615929
0.54479
0.385713
0.370873
0.548625
0.473722
0.512028
0.495808
0.570059
0.617339
0.602974
0.597492
0.653031
0.640923
0.673726
0.727807
0.760845
0.935375
0.710601
0.637098
0.789575
0.685313
0.577
0.592056
0.614741
0.676034
0.683824
0.63649
0.619908
0.576674
0.449615
0.446637
0.441083
0.538648
0.448346
0.566606
0.519429
0.599998
0.527808
0.490659
0.599296
0.681764
0.60248
0.600069
0.543043
0.655635
0.557597
0.601636
0.521451
0.473212
0.524148
0.51816
0.567639
0.510679
0.636178
0.667072
0.608114
0.560842
0.588805
0.621409
0.64482
0.596544
0.614946
0.796371
0.709373
0.661438
0.785819
0.749008
0.473973
0.456258
0.763187
0.638895
0.36777
0.392709
0.291764
0.241963
0.517153
0.37182
0.479413
0.470699
0.43889
0.551385
0.634523
0.595202
0.510559
0.544315
0.569533
0.56257
0.572247
0.455037
0.567247
0.647515
0.516653
0.443583
0.398207
0.404858
0.396795
0.41158
0.558768
0.379202
0.444754
0.428996
0.568989
0.588666
0.638228
0.569473
0.571673
0.617385
0.689534
0.583253
0.567151
0.741548
0.649873
0.554759
0.538588
0.501002
0.627791
0.574518
0.711114
0.648247
0.577005
0.624275
0.606731
0.567408
0.539205
0.541686
0.533719
0.422569
0.362982
0.490901
0.413002
0.356067
0.488829
0.667655
0.595695
0.489174
0.485481
0.598837
0.584306
0.559704
0.543562
0.652305
0.621427
0.5748
0.58452
0.690683
0.589536
0.586688
0.57795
0.583487
0.624446
0.508616
0.52839
0.538894
0.599764
0.606965
0.698722
0.562252
0.576048
0.689912
0.64455
0.643267
0.691164
0.669501
0.767373
0.624822
0.589832
0.676071
0.569727
0.485018
0.504442
0.516255
0.473558
0.53095
0.444571
0.543882
0.538299
0.605986
0.600548
0.627091
0.612442
0.593015
0.695046
0.57079
0.684163
0.774372
0.79745
0.721366
0.635121
0.636767
0.682225
0.594227
0.547014
0.647781
0.387797
0.405408
0.401321
0
0.284087
0
0.493739
0
0.554687
0.477893
0.596341
0.542018
0.488281
0.413294
0.368758
0.468808
0.629774
0.613623
0.516031
0.646975
0.57447
0.599092
0.609644
0.64205
0.692374
0.884564
0.751492
0.840191
0.708495
0.719459
0.918338
0.712495
0.563658
0.485735
0.52361
0.516831
0.551047
0.849431
0.738819
0.784718
0.644655
0.767786
0.882094
0.795054
0.768159
0.951628
0.90966
0.933279
0.715407
0.819902
1
0.825108
0.875627
0.821652
0.836968
0.762026
0.780465
0.862188
0.695093
0.627265
0.582072
0.484231
0.770875
0.617165
0.752452
0.580675
0.636351
0.743783
0.610095
0.551864
0.606264
0.705169
0.502613
0.65885
0.845105
0.894273
0.762132
0.895171
0.683507
0.755396
0.641386
0.808709
0.723896
0.607964
0.684811
0.62078
0.623189
0.744
0.717834
0.641149
0.661454
0.667292
0.590998
0.665363
0.609128
0.56053
0.615603
0.60221
0.521951
0.560979
0.596117
0.548353
0.597563
0.715927
0.559048
0.557469
0.745386
0.773048
0.750618
0.750098
0.765578
0.681666
0.726849
0.811401
0.774327
0.838796
0.713095
0.812206
0.990721
0.924301
0.830865
0.878907
0.96029
0.927082
0.7215
0.712897
0.727094
0.710543
0.710742
0.85572
0.604065
0.798064
0.904662
0.67758
0.704365
0.851157
0.774745
0.82104
0.83884
0.725843
0.691199
0.694028
0.779802
0.773562
0.868962
0.771369
0.690343
0.888244
0.553472
0.646652
0.513692
0.589568
0.577943
0.461413
0.646935
0.607971
0.615917
0.732179
0.558785
0.594101
0.7164
0.726636
0.638559
0.71076
0.837965
0.634303
0.620709
0.734305
0.899934
0.96197
0.886072
0.891058
0.832197
0.797865
0.728563
0.63983
0.433643
0.613027
0.404857
0.336405
0.408488
0.331277
0.385523
0.526629
0.433837
0.369665
0.51131
0.588982
0.481238
0.621263
0.48768
0.441183
0.528193
0.575147
0.508782
0.5535
0.494859
0.525909
0.515957
0.586446
0.545245
0.441063
0.377119
0.362529
0.309956
0.352387
0.335149
0.321057
0.343081
0.338006
0.394213
0.409621
0.461821
0.570682
0.579901
0.4765
0.538357
0.562572
0.578887
0.51501
0.563188
0.552773
0.548083
0.462355
0.485322
0.443725
0.495391
0.51592
0.446698
0.421971
0.426558
0.520831
0.503423
0.467939
0.483429
0.558127
0.51768
0.46873
0.506309
0.488736
0.553812
0.574038
0.591063
0.524048
0.461953
0.503423
0.414448
0.450895
0.532913
0.477696
0.436374
0.43329
0.565359
0.544835
0.520147
0.60373
0.611455
0.519818
0.552298
0.553725
0.516074
0.550036
0.587281
0.559243
0.545225
0.568286
0.567359
0.498939
0.631771
0.692838
0.572005
0.57417
0.660031
0.614547
0.695006
0.745884
0.789676
0.625781
0.771363
0.738744
0.712645
0.402576
0.527837
0.412745
0.394721
0.357139
0.460169
0.472572
0.455582
0.42561
0.414058
0.413556
0.571325
0.661923
0.627603
0.548602
0.624304
0.652495
0.598094
0.5867
0.627689
0.65942
0.715286
0.68599
0.587443
0.568937
0.685829
0.667585
0.626289
0.563853
0.520188
0.453597
0.527039
0.367061
0.305894
0.453797
0.375909
0.375406
0.373902
0.363778
0.355468
0.397071
0.395514
0.388081
0.48908
0.399641
0.396554
0.35481
0.326287
0.345963
0.325464
0.376353
0.365018
0.425647
0.383701
0.38916
0.439424
0.454212
0.414925
0.407661
0.506309
0.465557
0.429721
0.526733
0.488706
0.474602
0.40218
0.503746
0.498329
0.450895
0.414448
0.519783
0.514862
0.473435
0.47885
0.457085
0.460338
0.545748
0.473435
0.451728
0.459933
0.496127
0.415876
0.390233
0.360635
0.406675
0.327917
0.351472
0.333452
0.410594
0.417768
0.418239
0.437249
0.422895
0.462355
0.495759
0.454212
0.479233
0.536996
0.572968
0.504203
0.538012
0.553673
0.541591
0.486585
0.531546
0.527613
0.541716
0.535978
0.595808
0.567863
0.5468
0.523425
0.498418
0.466542
0.52781
0.555298
0.508745
0.572995
0.598274
0.549601
0.651013
0.605742
0.55405
0.597366
0.671449
0.554379
0.546416
0.6184
0.563228
0.544744
0.657637
0.770778
0.71063
0.64567
0.649101
0.719074
0.618072
0.590748
0.645333
0.636634
0.525004
0.467939
0.407168
0.371079
0.348054
0.316885
0.356124
0.363155
0.372265
0.455035
0.425191
0.503423
0.580809
0.621214
0.612401
0.61125
0.580948
0.607452
0.638677
0.595145
0.657717
0.736075
0.617152
0.579021
0.642363
0.605432
0.538351
0.689039
0.775825
0.713252
0.588857
0.661805
0.762925
0.633038
0.753477
0.590682
0.679037
0.67523
0.613114
0.501846
0.48421
0.459206
0.48036
0.415714
0.408358
0.494671
0.409831
0.403835
0.511454
0.476329
0.415299
0.401035
0.478908
0.517004
0.573936
0.477933
0.514207
0.439857
0.436282
0.432053
0.494574
0.54904
0.577165
0.681808
0.627044
0.737353
0.720567
0.624285
0.675313
0.774671
0.731211
0.756109
0.833323
0.783897
0.743442
0.723509
0.785546
0.647012
0.594551
0.664758
0.749271
0.711142
0.746823
0.789261
0.741401
0.702291
0.776488
0.769808
0.686914
0.663439
0.636094
0.678791
0.624434
0.517386
0.666277
0.688442
0.542916
0.682807
0.53056
0.525168
0.499211
0.626174
0.564609
0.517305
0.539606
0.674642
0.653542
0.548678
0.458161
0.446409
0.477201
0.48309
0.618766
0.557778
0.510975
0.376611
0.560413
0.456633
0.543429
0.506241
0.623904
0.591517
0.572869
0.6401
0.711667
0.70565
0.71006
0.703149
0.770276
0.905528
0.670373
0.653224
0.849871
0.695493
0.688606
0.60511
0.659577
0.614143
0.683228
0.642391
0.650166
0.609315
0.521668
0.622854
0.501417
0.507738
0.406703
0.509432
0.529646
0.530308
0.558544
0.526949
0.664378
0.67911
0.612418
0.599453
0.55537
0.687813
0.533701
0.533517
0.50526
0.438904
0.444212
0.412408
0.428242
0.465473
0.606685
0.637361
0.586289
0.559851
0.584852
0.632187
0.635563
0.577841
0.627729
0.833175
0.883924
0.781423
0.818565
0.84941
0.549359
0.630826
0.732801
0.677304
0.451329
0.487995
0.489349
0.44979
0.341815
0.323561
0.337001
0.273757
0.514146
0.369312
0.441037
0.509812
0.446126
0.559427
0.608572
0.63423
0.534812
0.565071
0.592577
0.605895
0.595748
0.46451
0.572871
0.64249
0.557608
0.536396
0.421503
0.533434
0.425991
0.455038
0.440113
0.503253
0.489586
0.510474
0.47712
0.572537
0.611537
0.490529
0.579218
0.588254
0.407041
0.469097
0.439895
0.569698
0.626076
0.59805
0.527993
0.53639
0.644307
0.673695
0.576051
0.518135
0.729171
0.66916
0.586464
0.539214
0.537795
0.634327
0.604926
0.726091
0.654103
0.594599
0.650581
0.655502
0.615144
0.543981
0.606029
0.612084
0.46942
0.387556
0.516009
0.428984
0.364491
0.465836
0.640557
0.610028
0.462154
0.453184
0.606087
0.590473
0.49383
0.50587
0.685287
0.62168
0.571003
0.565703
0.665636
0.585356
0.573734
0.585199
0.544776
0.5989
0.562096
0.564879
0.592478
0.621169
0.61334
0.697774
0.554528
0.594804
0.739048
0.639097
0.629957
0.715321
0.684565
0.707042
0.614395
0.590365
0.659607
0.523918
0.477649
0.496375
0.518693
0.479208
0.504733
0.398401
0.557647
0.530006
0.546303
0.617332
0.635534
0.591538
0.559136
0.64508
0.557653
0.636341
0.649196
0.718193
0.627109
0.508067
0.570276
0.573053
0.49457
0.452154
0.591684
0.407543
0.468658
0.413435
0
0.261337
0
0.432219
0.569042
0.439644
0.475722
0.517522
0.483289
0.417435
0.389986
0.371014
0.473509
0.578488
0.603299
0.46536
0.546847
0.413335
0.59197
0.523409
0.591525
0.507913
0.747124
0.698315
0.771397
0.689579
0.682641
0.855406
0.68546
0.561539
0.463846
0.507969
0.526211
0.523088
0.790901
0.720673
0.799619
0.659443
0.781806
0.905408
0.867891
0.780081
0.880937
0.967822
0.994344
0.748153
0.798136
0.894924
0.760925
0.833901
0.845573
0.790093
0.710361
0.800859
0.808737
0.617802
0.694911
0.629932
0.470032
0.723397
0.598901
0.755866
0.626831
0.657765
0.718138
0.62425
0.53595
0.54394
0.756574
0.614408
0.646537
0.784934
0.709411
0.609793
0.832994
0.598887
0.724412
0.549446
0.674676
0.609735
0.564209
0.692648
0.604708
0.595574
0.734832
0.753521
0.662158
0.635718
0.681246
0.653905
0.688776
0.677333
0.662353
0.603022
0.644246
0.566842
0.605134
0.64844
0.564323
0.569324
0.669877
0.576535
0.574207
0.752825
0.822905
0.711851
0.768179
0.797853
0.753232
0.84217
0.909155
0.948855
0.959809
0.856467
0.883006
0.9478
0.898013
0.839733
0.825244
0.895824
0.939293
0.832984
0.709856
0.721294
0.697423
0.638637
0.777137
0.613646
0.705244
0.808205
0.573493
0.633317
0.763359
0.733751
0.771494
0.779305
0.732294
0.68818
0.753011
0.797778
0.756278
0.834029
0.769932
0.649276
0.786625
0.553043
0.6256
0.513885
0.642243
0.559417
0.473309
0.634234
0.632777
0.622048
0.824604
0.621483
0.588745
0.746598
0.683642
0.644732
0.662686
0.708683
0.575317
0.570309
0.70871
0.797171
0.935309
0.817476
0.861601
0.773467
0.713759
0.804098
0.716888
0.607663
0.663497
0.367693
0.26373
0.376111
0.305109
0.36412
0.4471
0.402494
0.359974
0.460907
0.525329
0.470379
0.55158
0.435214
0.408442
0.491786
0.557202
0.477955
0.528134
0.476453
0.541677
0.51469
0.59437
0.55149
0.454376
0.401729
0.376517
0.339584
0.354491
0.300921
0.322927
0.395788
0.473504
0.441834
0.547015
0.558049
0.527813
0.569767
0.584689
0.618796
0.561046
0.609233
0.577884
0.589172
0.543739
0.542396
0.501611
0.526388
0.565829
0.470698
0.408153
0.443725
0.512028
0.483429
0.450895
0.469124
0.573877
0.512738
0.472265
0.53223
0.510049
0.563801
0.59254
0.607341
0.566492
0.469518
0.509177
0.415401
0.463559
0.557013
0.501611
0.461146
0.489827
0.587477
0.564855
0.557393
0.655715
0.622152
0.539268
0.601374
0.605992
0.585818
0.569568
0.565024
0.55808
0.54797
0.577616
0.539401
0.473722
0.579465
0.620672
0.649547
0.626515
0.741935
0.620979
0.623946
0.672507
0.694928
0.711755
0.785165
0.718175
0.657006
0.683146
0.502816
0.32885
0.38732
0.38895
0.573636
0.55675
0.521734
0.481808
0.484305
0.509292
0.566693
0.634638
0.601884
0.531511
0.571844
0.612475
0.611074
0.631057
0.622238
0.651429
0.665919
0.601076
0.537213
0.581676
0.672098
0.617048
0.548423
0.547332
0.465481
0.424866
0.546504
0.387091
0.393322
0.460155
0.40374
0.448259
0.424645
