0.52668
0.516537
0.510984
0.571721
0.556786
0.529322
0.562245
0.586866
0.565513
0.617547
0.569587
0.532002
0.452822
0.408341
0.466472
0.486562
0.552722
0.566511
0.616293
0.55835
0.581419
0.515294
0.566083
0.538007
0.511921
0.52195
0.512288
0.508692
0.54611
0.600731
0.532082
0.570539
0.503249
0.467087
0.510266
0.470692
0.5162
0.435934
0.422434
0.41998
0.439384
0.417553
0.442887
0.512341
0.464001
0.489089
0.462892
0.4336
0.500827
0.471749
0.479692
0.537612
0.565529
0.537332
0.45704
0.458333
0.517791
0.58081
0.542212
0.732898
0.713077
0.805297
0.634434
0.524166
0.467537
0.527419
0.527158
0.529726
0.52627
0.53087
0.5132
0.488918
0.497149
0.47864
0.471873
0.533065
0.488281
0.521733
0.558054
0.494889
0.528342
0.532328
0.535826
0.55549
0.738518
0.701865
0.655373
0.515444
0.556809
0.688945
0.542733
0.564469
0.576086
0.582674
0.569544
0.52488
0.553633
0.581815
0.600911
0.587132
0.732179
0.751792
0.829702
0.803566
0.976746
0.9328
0.946761
0.892733
1
0.943447
0.805686
0.922522
0.837217
0.779392
0.681718
0.680828
0.775373
0.729954
0.644593
0.577494
0.628985
0.451149
0.502467
0.506366
0.404934
0.382408
0
0.560512
0.461549
0.482341
0.531869
0.587407
0.661298
0.567129
0.681758
0.693677
0.64363
0.72108
0.887314
0.793823
0.842844
0.688082
0.663617
0.546791
0.671332
0.485458
0.471738
0.554617
0.509403
0.336931
0.366786
0.386703
0.359116
0.495497
0.513074
0.511092
0.457918
0.484758
0.440005
0.473374
0.432577
0.34933
0.302874
0.299706
0.260404
0.349375
0.508851
0.630195
0.50685
0.659704
0.683932
0.728849
0.590144
0.634532
0.715461
0.599091
0.47094
0.401311
0.337028
0.411124
0.547749
0.551745
0.657307
0.617298
0.606876
0.662145
0.651498
0.594241
0.850513
0.858887
0.71048
0.613237
0.746954
0.796239
0.696572
0.669378
0.76631
0.71546
0.622026
0.576521
0.604982
0.792804
0.731914
0.58162
0.54577
0.47123
0.431038
0.442773
0.541075
0.523489
0.564183
0.676332
0.712951
0.678936
0.642272
0.702375
0.694517
0.73181
0.668958
0.664264
0.681693
0.725215
0.688603
0.751668
0.656537
0.672864
0.78736
0.642854
0.691916
0.776011
0.712579
0.577169
0.622286
0.591474
0.621105
0.662902
0.643203
0.63238
0.605284
0.687218
0.711368
0.658238
0.67253
0.662283
0.647649
0.692118
0.748887
0.827337
0.747334
0.7776
0.849406
0.857055
0.712253
0.687098
0.809856
0.797977
0.758293
0.804224
0.775852
0.904165
0.892722
0.902369
0.871684
0.828845
0.775832
0.813505
0.697073
0.711095
0.782824
0.760469
0.660283
0.610871
0.607188
0.731619
0.848059
0.837823
0.811158
0.74002
0.893198
0.979125
0.9181
0.854791
0.954984
0.85076
0.923747
0.985467
0.767074
0.809263
0.913159
0.845308
0.767395
0.768071
0.68232
0.791485
0.589119
0.657723
0.491464
0.456265
