0.306573
0.33576
0.322415
0.289291
0.292041
0.327655
0.377484
0.414615
0.455754
0.416255
0.329335
0.306573
0.373161
0.33576
0.327655
0.390626
0.399957
0.36638
0.461003
0.439187
0.42655
0.451734
0.588392
0.481484
0.474847
0.505447
0.650128
0.493394
0.432679
0.393489
0.480921
0.433346
0.451568
0.478034
0.451641
0.658263
0.69233
0.715569
0.602248
0.6203
0.742107
0.719849
0.70799
0.684592
0.640765
0.585337
0.611695
0.833441
0.878609
0.882055
0.837311
0.833952
0.950558
0.803981
0.714629
0.727844
0.853883
0.912412
0.729604
0.716783
0.770999
0.746438
0.83269
0.78942
0.637797
0.680725
0.756145
0.691908
0.807112
0.700523
0.693721
0.801839
0.68464
0.714391
0.620013
0.716861
0.751526
0.650811
0.602943
0.705209
0.736397
0.690577
0.649111
0.626345
0.673831
0.575243
0.585762
0.605295
0.533339
0.497503
0.446253
0.484933
0.507067
0.539368
0.40481
0.430836
0.63334
0.546334
0.568848
0.578816
0.71001
0.612785
0.563723
0.679911
0.817201
0.639325
0.694762
0.776941
0.70398
0.741041
0.681743
0.635525
0.512886
0.591623
0.59351
0.545315
0.545333
0.446286
0.466097
0.518523
0.545449
0.394627
0.447775
0.338665
0
0.194745
0.236606
0.396333
0.304897
0.283569
0.412759
0.368617
0.419845
0.480365
0.474846
0.429208
0.449436
0.556311
0.462169
0.435148
0.510899
0.606058
0.476466
0.492229
0.480733
0.69187
0.732663
0.730697
0.745179
0.801148
0.724798
0.774466
0.717428
0.775953
0.723714
0.657982
0.751455
0.870406
0.820715
0.704692
0.826326
0.770587
0.737939
0.761547
0.608765
0.46115
0.488218
0.429368
0.468895
0.632442
0.56272
0.534107
0.566911
0.565661
0.724372
0.652859
0.594559
0.556187
0.588805
0.487495
0.499237
0.389173
0.364734
0.392719
0.450724
0.58736
0.521028
0.560299
0.612738
0.517189
0.51042
0.577704
0.536003
0.442473
0.609754
0.564668
0.467485
0
0.54487
0.644111
0.509102
0.572497
0.655575
0.704955
0.658846
0.663443
0.598016
0.541108
0.549851
0.574127
0.473966
0.488221
0.462657
0.694278
0.642948
0.768602
0.695594
0.760469
0.744755
0.766528
0.73773
0.645163
0.607847
0.591725
0.532832
0.482389
0.541712
0.547759
0.540969
0.524589
0.466733
0.534031
0.638111
0.65467
0.703373
0.743195
0.519123
0.727732
0.506253
0.636777
0.653129
0.555884
0.4812
0.571024
0.609142
0.621185
0.585592
0.73559
0.675265
0.61181
0.634855
0.785591
0.84599
0.665408
0.685507
0.742222
0.649449
0.630285
0.622141
0.703817
0.698001
0.647262
0.554
0.541193
0.545519
0.695565
0.603726
0.61248
0.530018
0.472265
0.455884
0.552342
0.574767
0.463795
0.451422
0.596573
0.585664
0.502041
0.506498
0.530707
0.545797
0.427262
0.520813
0.573092
0.425333
0.419987
0.534309
0.664414
0.649603
0.581494
0.549716
0.470333
0.323926
0.377696
0.537526
0.451199
0.347768
0.491557
0.596155
0.564851
0.640535
0.680466
0.72221
0.744838
0.707801
0.747795
0.690227
0.69748
0.708109
0.629171
0.603496
0.662109
0.651126
0.56912
0.584967
0.609152
0.615175
0.646081
0.629455
0.618726
0.63757
0.673127
0.643216
0.644585
0.695916
0.624495
0.556699
0.468248
0.448121
0.457409
0.566337
0.562962
0.526763
0.63648
0.628286
0.5897
0.613232
0.663938
0.714457
0.670597
0.628391
0.70472
0.672778
0.582708
0.640905
0.572718
0.681903
0.648234
0.656318
0.631885
0.62409
0.681944
0.653087
0.608704
0.587701
0.665857
0.646607
0.609428
0.677501
0.572685
0.489693
0.528072
0.560029
0.665879
0.598395
0.598833
0.611345
0.473621
0.540582
0.39905
0.421404
0.542432
0.473729
0.456251
0.495587
0.556599
0.533461
0.621221
0.677753
0.647166
0.65118
0.589249
0.573159
0.487955
0.51773
0.563973
0.490845
0.593191
0.694945
0.667828
0.605271
0.650991
0.706547
0.572704
0.594934
0.635638
0.648842
0.679896
0.708993
0.713866
0.692307
0.674268
0.649259
0.531669
0.587938
0.492441
0.604425
0.575277
0.621264
0.672268
0.744475
0.622094
0.607401
0.619184
0.717512
0.716237
0.63238
0.675195
0.717379
0.676738
0.569965
0.65091
0.673649
0.585276
0.701513
0.731756
0.71737
0.637391
0.631672
0.626135
0.576406
0.513842
0.437949
0.469303
0.535458
0.543443
0.524544
0.618573
0.715969
0.698138
0.661442
0.62735
0.628696
0.679816
0.666181
0.663334
0.641705
0.692787
0.753665
0.600127
0.671364
0.726373
0.700862
0.702839
0.64802
0.623866
0.578179
0.555871
0.532034
0.436253
0.553061
0.475226
0.473354
0.560244
0.442043
0.445557
0.369818
0.343224
0.436289
0.478489
0.571945
0.511119
0.535902
0.463325
0.500071
0.550707
0.505584
0.414436
0.546703
0.574328
0.511454
0.451422
0.501597
0.457836
0.582357
0.608648
0.704559
0.680005
0.714052
0.682102
0.646471
0.746102
0.676749
0.66803
0.639171
0.561226
0.525274
0.558726
0.492802
0.650964
0.673403
0.611565
0.693337
0.648183
0.648096
0.687523
0.607617
0.700927
0.6002
0.623444
0.600688
0.617454
0.637791
0.50233
0.535752
0.546772
0.553591
0.572364
0.554429
0.547319
0.505845
0.525542
0.598756
0.621692
0.623028
0.525255
0.609031
0.467767
0.506572
0.618832
0.563893
0.612774
0.642518
0.635865
0.656769
0.691083
0.679925
0.81446
0.81057
0.690093
0.70987
0.738296
0.71793
0.64504
0.760443
0.759814
0.652425
0.720217
0.735123
0.74876
0.746469
0.615917
0.673547
0.464128
0.484743
0.667171
0.665394
0.594569
0.705744
0.772436
0.717766
0.632922
0.67516
0.752609
0.676842
0.602014
0.57733
0.637742
0.648382
0.546785
0.57831
0.562242
0.809389
0.600858
0.4928
0.580864
0.557116
0.481059
0.458394
0.354126
0.325943
0.30205
0.261171
0.229592
0.218662
0.161765
0.202206
0.229592
0.161765
0.161765
0.161765
0.161765
0.161765
0.161765
0.161765
0.161765
0.161765
0.161765
0.161765
0.161765
0.161765
0.161765
0.347447
0.344651
0.327655
0.30205
0.30205
0.332603
0.383709
0.427318
0.462939
0.423447
0.320595
0.30205
0.370942
0.316832
0.28642
0.35017
0.360418
0.346059
0.359188
0.373161
0.383709
0.417879
0.524555
0.444159
0.45509
0.490005
0.601963
0.488457
0.426955
0.412124
0.494236
0.451057
0.50004
0.535383
0.492054
0.709543
0.75882
0.759213
0.626961
0.636804
0.780223
0.749986
0.734038
0.72048
0.642675
0.573462
0.653339
0.809835
0.938282
0.849871
0.770407
0.767522
1
0.870089
0.694781
0.714269
0.850134
0.879006
0.737531
0.708832
0.790635
0.786406
0.892432
0.792321
0.752288
0.727964
0.784059
0.763702
0.831848
0.645834
0.63287
0.681434
0.70366
0.6906
0.594911
0.720127
0.734416
0.631362
0.632059
0.657657
0.68883
0.667755
0.643747
0.560422
0.644549
0.514677
0.542607
0.561537
0.491757
0.488109
0.455505
0.47526
0.48378
0.525785
0.399419
0.420143
0.602031
0.504208
0.536192
0.550257
0.67362
0.635369
0.58316
0.646702
0.785467
0.661158
0.788182
0.774327
0.71233
0.785951
0.682052
0.589938
0.494794
0.553107
0.577267
0.520683
0.475722
0.41972
0.427879
0.496559
0.531993
0.393732
0.455016
0.332706
0
0.198215
0.240278
0.40618
0.281802
0.273157
0.412004
0.425494
0.509126
0.503479
0.458579
0.441602
0.471522
0.615121
0.489173
0.572269
0.546862
0.625454
0.501817
0.533509
0.545825
0.723088
0.584098
0.728986
0.770681
0.777693
0.693091
0.805474
0.687062
0.739142
0.67019
0.659416
0.701816
0.836129
0.757935
0.715326
0.761431
0.740341
0.693752
0.724685
0.610138
0.484567
0.493982
0.496844
0.47236
0.623088
0.570132
0.555463
0.513374
0.49843
0.597331
0.611424
0.589505
0.562468
0.565061
0.462918
0.549186
0.412787
0.372375
0.41201
0.470967
0.587237
0.550529
0.600446
0.756381
0.653202
0.703957
0.621308
0.552224
0.485499
0.677838
0.576772
0.487896
0
0.536335
0.741169
0.48316
0.581609
0.734988
0.745024
0.623809
0.665273
0.605693
0.559966
0.561502
0.622605
0.461581
0.487058
0.444841
0.706397
0.670418
0.740757
0.704402
0.638353
0.71899
0.724595
0.717849
0.697432
0.613973
0.608901
0.591722
0.502225
0.573213
0.615954
0.589329
0.560955
0.530857
0.664486
0.795289
0.767309
0.83391
0.707653
0.622525
0.698511
0.536385
0.604177
0.636523
0.534576
0.501392
0.510225
0.558241
0.552808
0.530008
0.665229
0.674763
0.607929
0.608837
0.767272
0.776848
0.638383
0.658727
0.715328
0.619611
0.605661
0.581794
0.70142
0.675436
0.613967
0.522171
0.470398
0.503475
0.6473
0.57743
0.569158
0.500354
0.422691
0.438342
0.511799
0.51244
0.484063
0.499755
0.537873
0.503049
0.491414
0.504203
0.49486
0.568826
0.476142
0.488224
0.554809
0.50277
0.448282
0.548162
0.652805
0.6093
0.566061
0.604319
0.480442
0.330195
0.363325
0.521788
0.463153
0.362344
0.515255
0.625445
0.610508
0.622005
0.668496
0.783109
0.734425
0.706634
0.718614
0.779258
0.756708
0.769633
0.672773
0.638916
0.655469
0.668055
0.551661
0.565601
0.607212
0.717846
0.733762
0.630098
0.698522
0.708208
0.709278
0.734736
0.714304
0.762891
0.678138
0.641002
0.52441
0.470449
0.502431
0.651236
0.576009
0.550041
0.698428
0.684437
0.610402
0.68484
0.741308
0.80394
0.757926
0.737991
0.769673
0.736478
0.654074
0.695633
0.648959
0.750024
0.730733
0.707264
0.696473
0.696318
0.74412
0.713225
0.726067
0.71051
0.764842
0.727783
0.689504
0.781294
0.667673
0.547406
0.583055
0.629106
0.741738
0.70467
0.695059
0.661146
0.572248
0.614167
0.42655
0.438389
0.578778
0.513842
0.455358
0.492306
0.578145
0.574246
0.633228
0.75771
0.693792
0.742278
0.654085
0.640899
0.525516
0.531115
0.615841
0.55601
0.634825
0.817591
0.73846
0.646522
0.715429
0.800731
0.696948
0.69165
0.70654
0.73188
0.772833
0.756113
0.725634
0.744714
0.700222
0.683416
0.63408
0.668445
0.530282
0.673265
0.615002
0.64852
0.739908
0.805103
0.690511
0.670938
0.675967
0.800379
0.730296
0.725637
0.73773
0.786594
0.730414
0.679432
0.730414
0.746097
0.61835
0.721835
0.784358
0.713952
0.638528
0.606326
0.647471
0.562559
0.561704
0.542645
0.553864
0.550276
0.534629
0.587183
0.668639
0.720928
0.73015
0.688855
0.670767
0.630336
0.720473
0.701364
0.708619
0.652102
0.727476
0.784567
0.669384
0.726741
0.75586
0.728477
0.695143
0.678795
0.642963
0.600807
0.562616
0.522966
0.456166
0.566866
0.478172
0.504893
0.593627
0.486206
0.566749
0.464222
0.403531
0.474235
0.502667
0.602137
0.532664
0.584001
0.523676
0.483605
0.506927
0.462647
0.418562
0.52609
0.565902
0.517293
0.407377
0.451688
0.455167
0.574712
0.597393
0.718643
0.684106
0.704261
0.652469
0.658198
0.763257
0.599428
0.702023
0.55312
0.544839
0.55263
0.579825
0.611184
0.677128
0.709631
0.683275
0.759089
0.691379
0.654877
0.742165
0.647103
0.698272
0.630338
0.65309
0.649331
0.61281
0.668638
0.510191
0.496812
0.541125
0.541934
0.630584
0.564414
0.568005
0.506888
0.516695
0.605756
0.620601
0.645157
0.536461
0.564099
0.455495
0.476858
0.570312
0.536205
0.545926
0.607466
0.587108
0.581325
0.663036
0.731075
0.79386
0.760092
0.692522
0.726205
0.682927
0.669769
0.626977
0.730814
0.721809
0.643887
0.68011
0.694527
0.71687
0.717283
0.551313
0.645867
0.462603
0.496932
0.660649
0.675759
0.585066
0.650916
0.744488
0.659142
0.608449
0.66448
0.718332
0.617599
0.620491
0.607445
0.659992
0.733293
0.68681
0.601787
0.652522
0.815849
0.626622
0.515556
0.669851
0.634011
0.516896
0.477875
0.376417
0.346059
0.318735
0.25637
0.245021
0.218662
0.218662
0.238033
0.238033
0.161765
0.161765
0.161765
0.161765
