0.554397
0.636673
0.675515
0.562115
0.646622
0.822194
0.756379
0.777026
0.74657
0.758743
0.89279
0.94698
0.961324
0.964975
0.853024
0.785758
0.650463
0.712833
0.623726
0.556709
0.62678
0.570264
0.532653
0.476875
0.463708
0.440115
0.454233
0.541027
0.475997
0.451615
0.525942
0.507202
0.536378
0.693226
0.670136
0.666524
0.683826
0.768466
0.900696
0.773342
0.781623
0.907948
0.910377
0.862659
0.890276
1
0.95623
0.897563
0.814787
0.732096
0.806814
0.716424
0.702686
0.611427
0.5819
0.644683
0.765484
0.775478
0.776999
0.743939
0.633076
0.640588
0.668917
0.738452
0.906524
0.854676
0.838867
0.829015
0.873445
0.793304
0.870022
0.824334
0.959685
0.911877
0.863277
0.953501
0.995051
0.927322
0.892548
0.820186
0.754067
0.691755
0.680391
0.736427
0.568829
0.465828
0
0
0.511512
0.52911
0.572994
0.576213
0.516569
0.422426
0.450993
0.569777
0.633938
0.555498
0.511621
0.453224
0.527026
0.523784
0.554154
0.627936
0.601256
0.662201
0.692971
0.677428
0.458234
0.552347
0.764317
0.549542
0.570673
0.798256
0.813124
0.689208
0.674171
0.691229
0.682852
0.844166
0.802721
0.847094
0.81199
0.776609
0.747007
0.796004
0.719517
0.704564
0.610859
0.574722
0.806297
0.777744
0.644796
0.515081
0
0
0.321113
0.438841
0.390379
0.454485
0.437176
0.471161
0.422224
0.354093
0.325921
0.29304
0.29304
0.29304
0.29304
0.435208
0.498924
0.571736
0.564238
0.437691
0.45868
0.730144
0.781049
0.656005
0.552404
0.391668
0.626839
0.552148
0.580502
0.376215
0.537616
0.530917
0.380363
0.338495
0.389075
0.400839
0.408315
0.433383
0.491195
0.461338
0.481213
0.531798
0.576084
0.642142
0.709508
0.826361
0.800995
0.764386
0.844671
0.768192
0.853581
0.872868
0.80519
0.765688
0.820634
0.757075
0.787097
0.727913
0.717751
0.69683
0.715215
0.696428
0.637689
0.545839
0.628763
0.643434
0.571698
0.4882
0.674587
0.642042
0.419581
0.483575
0.697923
0.698783
0.561729
0.497364
0.466813
0.476365
0.475725
0.544189
0.520298
0.600903
0.633775
0.587812
0.438076
0.369565
0
0.353777
0.442662
0.579314
0.578197
0.591113
0.656431
0.732411
0.76904
0.732695
0.807067
0.721951
0.71705
0.678829
0.736853
