0.505438
0.564876
0.581169
0.60541
0.600335
0.633494
0.672422
0.67558
0.680979
0.672986
0.732076
0.713189
0.660256
0.668848
0.713189
0.668848
0.651194
0.660256
0.740925
0.646464
0.608386
0.631338
0.660256
0.601999
0.5882
0.608386
0.601999
0.520452
0.554755
0.564072
0.533243
0.625937
0.608386
0.601999
0.641586
0.614485
0.572676
0.5882
0.572676
0.544558
0.505608
0.520452
0.520452
0.520452
0.505608
0.625937
0.533243
0.572676
0.684844
0.608386
0.554755
0.601999
0.660256
0.601999
0.595285
0.636549
0.625937
0.554755
0.595285
0.608386
0.608386
0.5882
0.595285
0.580688
0.505608
0.487677
0.520452
0.544558
0.533243
0.533243
0.533243
0.429507
0.464461
0.429507
0.464461
0.533243
0.487677
0.520452
0.487677
0.533243
0.520452
0.544558
0.533243
0.601999
0.608386
0.595285
0.601999
0.641586
0.655788
0.631338
0.641586
0.651194
0.641586
0.672986
0.672986
0.677028
0.664607
0.727708
0.81504
0.754828
0.667942
0.66198
0.749883
0.684558
0.626708
0.611517
0.695382
0.778983
0.722094
0.688118
0.718851
0.719486
0.78572
0.780981
0.852628
0.861132
0.784165
0.600263
0.722299
0.863216
0.845896
0.727944
0.782218
0.875765
0.840794
0.785154
0.74146
0.742468
0.876023
0.867843
0.795754
0.893035
0.777236
0.804759
0.907751
0.906307
0.938021
0.951925
0.895363
0.74888
0.707888
0.598816
0.501735
0.462399
0.501166
0.585707
0.54393
0.510174
0.569728
0.521085
0.575614
0.587836
0.667237
0.677688
0.708303
0.72482
0.697985
0.636189
0.609851
0.728816
0.813705
0.725181
0.641095
0.742657
0.707743
0.595391
0.758698
0.752662
0.78384
0.679003
0.740968
0.802467
0.906957
0.899882
0.752773
0.738297
0.816885
0.803388
0.797017
0.968819
0.727401
0.565148
0.690182
0.636611
0.459162
0
0.432619
0.636688
0.82126
0.765029
0.885895
0.841545
0.888008
0.947138
0.930992
0.983748
0.944212
0.848536
0.884187
0.900424
0.776346
0.764417
0.735354
0.717682
0.843258
0.864416
0.857794
0.768443
0.852904
0.876851
0.78959
0.802316
0.874426
0.919328
0.747815
0.769623
0.663587
0.567007
0.556068
0.584027
0.589298
0.637122
0.708194
0.66355
0.708517
0.689133
0.630567
0.720729
0.780954
0.817689
0.766296
0.866147
0.964082
0.973469
0.899839
0.852903
0.819654
0.826459
0.783802
0.823912
0.842293
0.87076
0.869067
0.779534
0.767397
0.886046
0.850961
0.812957
0.865856
0.856401
0.721284
0.67306
0.762927
0.744199
0.599047
0.611366
0.753925
0.686409
0.654988
0.751957
0.794939
0.77907
0.887787
0.829277
0.93201
0.903644
0.859663
0.897653
0.855565
0.847397
0.870287
0.850932
0.793419
0.846614
0.814228
0.972653
0.871755
0.775219
0.815637
0.854702
0.834458
0.840607
0.87629
0.847263
0.816458
0.839958
0.860874
0.859035
0.844597
0.817185
0.794959
0.77071
0.713189
0.71646
0.71646
0.709865
0.668848
0.655788
0.660256
0.608386
0.580688
0.595285
0.580688
0.544558
0.564072
0.544558
0.572676
0.505608
0.464461
0.672415
0.701856
0.690428
0.700818
0.681529
0.684844
0.787921
0.706484
0.668848
0.684844
0.752202
0.660256
0.651194
0.699542
0.703044
0.631338
0.625937
0.677028
0.668848
0.595285
0.620327
0.636549
0.520452
0.544558
0.572676
0.544558
0.505608
0.520452
0.554755
0.343605
0.429507
0.429507
0.505608
0.544558
0.520452
0.572676
0.544558
0.533243
0.601999
0.595285
0.601999
0.664607
0.646464
0.651194
0.636549
0.680979
0.677028
0.664607
0.713189
0.71646
0.732076
0.735066
0.797265
0.783121
0.754936
0.801641
0.87597
0.752854
0.798057
0.839141
0.79532
0.763562
0.744859
0.779788
0.783025
0.845282
0.741425
0.689247
0.658728
0.691796
0.769794
0.766442
0.889936
0.917597
0.807291
0.613788
0.785548
0.902978
0.828691
0.735385
0.779226
0.878055
0.864383
0.788943
0.759481
0.747776
0.910697
0.855053
0.798799
0.889125
0.827868
0.833451
0.893575
0.904227
0.922627
0.962827
0.888854
0.74817
0.684096
0.586531
0.490694
0.459287
0.517555
0.594753
0.533966
0.499586
0.573545
0.519108
0.555522
0.571499
0.657095
0.656966
0.681922
0.651218
0.722174
0.607386
0.570468
0.727663
0.789921
0.691928
0.598223
0.705867
0.72119
0.611399
0.779516
0.783526
0.806062
0.732715
0.817087
0.849914
0.920042
0.942507
0.831942
0.834858
0.838513
0.814108
0.810779
0.955708
0.730661
0.54195
0.67053
0.620206
0.442971
0
0.418778
0.61994
0.811761
0.769928
0.88283
0.819376
0.862594
0.918167
0.964065
0.992183
0.942631
0.876521
0.913084
0.935106
0.80697
0.7759
0.747142
0.725699
0.865693
0.835933
0.815107
0.768945
0.87276
0.872093
0.791312
0.811668
0.860156
0.901662
0.713325
0.750984
0.659318
0.576105
0.573921
0.587015
0.582796
0.628716
0.702686
0.618404
0.652069
0.72301
0.644269
0.726847
0.79926
0.824007
0.806071
0.900826
0.996094
1
0.953551
0.896255
0.886176
0.89144
0.793049
0.812431
0.783134
0.883477
0.858533
0.747144
0.744147
0.863343
0.844313
0.781211
0.874571
0.845107
0.740953
0.657898
0.771947
0.756334
0.582654
0.587118
0.737675
0.680154
0.66729
0.761108
0.834032
0.7857
0.903411
0.871163
0.95838
0.904392
0.859663
0.895277
0.852864
0.828357
0.860165
0.839684
0.832889
0.829245
