0.269565
0.318875
0.320297
0.337566
0.361034
0.445092
0.525758
0.60565
0.829688
0.745624
0.887668
0.598206
0.669746
0.554915
0.440841
0.425299
0.361148
0
0.365404
0
0
0.459639
0.863999
0.421603
0.524832
0.818962
1
0.93662
0.627698
0.55768
0.515801
0.422301
0.427068
0.334986
0.379691
0.350388
0.327887
0.397087
0.316899
0.296887
0.317817
0.281378
0.389465
0.226283
0.351056
0
0.52038
0.468464
0.360785
0.163353
0.146586
0.190631
0.210983
0.405717
0.380109
0.338333
0.249172
0.250822
0
0.190528
0.209156
0.249348
0.23562
0.28936
0.26155
0.336996
0.327395
0.361945
0.327987
0.401838
0.529708
0.52335
0.478124
0.40197
0.491541
0.572199
0.424058
0.30587
0.518099
0.444485
0.63692
0.358595
0.372186
0.336309
0.326895
0.352414
0.343657
0.46014
0.419013
0.461173
0.39422
0.3709
0.415113
0.245448
0.388551
0.292025
0.306242
0.261786
0.309663
0.146508
0.179237
0.195335
0.192577
0.173251
0.203159
0.185347
0.186555
0.217562
0.163298
0.166896
0.218927
0.235626
0.423587
0.264772
0.556157
0.49933
0.782393
0.722873
0.791764
0.526913
0.788508
0.748915
0.520533
0.692428
0.773673
0.821566
0.818859
0.622393
0.877797
0.856083
0.702143
0.556179
0.531417
0.553154
0.473603
0.450589
0.591641
0.406313
0.513527
0.504207
0.447599
0.459127
0.51844
0.498129
0.344387
0.38586
0.391577
0.397784
0.373772
0.261342
0.308065
0.425904
0.564791
0.563301
0.53341
0.352491
0
0.329419
0.480259
0.538377
0.623778
0.709012
0.593656
0.696942
0.470666
0.437626
0.380837
0.368852
0.459242
0.493225
0.510884
0.462306
0.514008
0.450959
0.54789
0.487371
0.587358
0.56483
0.530392
0.487887
0.354627
0.210339
0.387935
0.540653
0.25506
0.270851
0.210477
0.222833
0.30368
0.297088
0.287921
0.263754
0.32111
0.342832
0.395945
0.352907
0.364533
0.456249
0.400112
0.384716
0.332954
0.526966
0.532525
0.388077
0.384479
0.432083
0.462117
0.326772
0.270581
0.322535
0.457958
0.441632
0.425426
0.330611
0.429795
0.503912
0.453503
0.469293
0.440311
0.423092
0.387624
0.311602
0.275813
0.238199
0.138371
0
0.205243
0.287981
0.359449
0.407963
0.348763
0
0
0.32717
0.529596
0.797147
0.478549
0
0
0.477664
0.794529
0.351857
0.402706
0.534908
0.733216
0.762269
0.587262
0.7562
0.532793
0.465487
0.727171
0.637219
0.495726
0.286738
0.326456
0.653502
0.668499
0.444822
0
0.287664
0.266054
0.179103
0
0.212811
0
0.567794
0.457659
0.400366
0.470205
0.547392
0.516252
0.553149
0.927574
0.554416
0.617136
0.730903
0.749707
0.61659
0.635966
0.630998
0.623531
0.590222
0.538779
0.579747
0.580394
0.525644
0.593494
0.57955
0.487246
0.52558
0.44697
0.271831
0.323422
0.366439
0.249197
0.240013
0.226677
0.246134
0.274762
0.275864
0.306399
0.379103
0.349994
0.317705
0.325811
0.421691
0.393326
0.544857
0.520794
0.477069
0.575018
0.514677
0.388114
0.511855
0.437396
0.421345
0.378591
0.448256
0.501624
0.376881
0.346902
0.482828
0.487615
0.367547
0.357388
0.439123
0.486569
0.311544
0.35384
0.258817
0.218576
0.213509
0.316428
0.441124
0.28646
0.248836
0.34596
0.447499
0.359861
0.41052
0.249326
0.329326
0.32742
0.309423
0.515526
0.389117
0.274773
0.366006
0.436957
0.365323
0.475781
0.448217
0.514051
0.643249
0.693388
0.423262
0.343169
0.276541
0.392303
0.415568
0.565027
0.708618
0.425292
0.539941
0.383963
0.314469
0.51551
0.406823
0.422067
0.321044
0.322882
0.337997
0.435047
0.454778
0.478935
0.616129
0.563825
0.724607
0.543262
0.546277
0.433749
0.367098
0.462468
0.403453
0
0.439714
0
0
0.573753
0.999449
0.398053
0.601005
0.831492
0.967587
0.948315
0.6732
0.60274
0.549346
0.477262
0.427837
0.334071
0.42233
0.379667
0.329816
0.397356
0.334825
0.299526
0.323268
0.261253
0.397053
0.203873
0.301508
0
0.697739
0.506952
0.364309
0.184528
0.153066
0.203255
0.259276
0.433225
0.406542
0.373621
0.293937
0.269749
0
0.183137
0.188255
0.249416
0.237447
0.296244
0.258356
0.348198
0.32728
0.321638
0.309645
0.425649
0.547531
0.49383
0.460788
0.408075
0.411498
0.535031
0.416542
0.289715
0.572736
0.460354
0.6943
0.375469
0.371873
0.339822
0.306977
0.364304
0.327604
0.515998
0.463551
0.463405
0.398281
0.391823
0.450475
0.298163
0.369685
0.29364
0.298259
0.235907
0.302477
0.153105
0.181764
0.170001
0.177964
0.185621
0.227611
0.229655
0.206708
0.202587
0.223098
0.160893
0.156823
0.263479
0.307971
0.526581
0.313911
0.603661
0.513308
0.766836
0.76728
0.800943
0.562156
0.730083
0.735014
0.532908
0.730455
0.847319
0.848459
0.842271
0.611787
0.726768
0.796545
0.702389
0.517008
0.50546
0.540349
0.450712
0.418713
0.508865
0.390185
0.497009
0.466873
0.419433
0.44022
0.504629
0.512578
0.355733
0.397362
0.397871
0.398554
0.385889
0.279915
0.32776
0.442791
0.590356
0.591032
0.577888
0.366923
0
0.295294
0.349544
0.499061
0.532634
0.626009
0.525646
0.618214
0.435784
0.430368
0.425509
0.35096
0.434
0.5076
0.533766
0.441764
0.497509
0.485171
0.532043
0.497411
0.521881
0.492609
0.459414
0.403322
0.335743
0.214884
0.368111
0.579414
0.271664
0.28246
0.214396
0.235588
0.302621
0.240319
0.26753
0.260495
0.26075
0.282531
0.35514
0.343002
0.344846
0.430547
0.369772
0.35728
0.351206
0.49565
0.448276
0.33464
0.34714
0.379131
0.402011
0.335305
0.256959
0.313348
0.425997
0.372641
0.375418
0.303951
0.408299
0.471151
0.42446
0.407873
0.368823
0.358296
0.37508
0.273134
0.292718
0.253443
0.171004
0
0.231731
0.273449
0.432756
0.538839
0.443852
0
0
0.335762
0.499974
0.829434
0.382362
0
0
0.425172
0.672585
0.302194
0.397983
0.534026
0.63063
0.750297
0.55011
0.672411
0.534254
0.491917
0.742385
0.777434
0.622041
0.309664
0.379587
0.635616
0.545569
0.400013
0
0.293799
0.298957
0.166983
0
0.223076
0
0.572114
0.378943
0.414085
0.501105
0.538689
0.517602
0.605381
0.918138
0.564266
0.616869
0.789063
0.756959
0.586493
0.607194
0.689052
0.54373
0.556813
0.523146
0.557955
0.568334
0.530269
0.60236
0.581115
0.500784
0.553141
0.531529
0.374984
0.550659
0.476778
0.293913
0.241142
0.217815
0.250374
0.244518
0.282724
0.380209
0.505187
0.527099
0.384807
0.426966
0.449125
0.392095
0.493092
0.459913
0.427434
0.566405
0.499029
0.34651
0.459264
0.391243
0.421825
0.393381
0.446402
0.494791
0.386336
0.371571
0.441713
0.46355
0.353235
0.36999
0.403366
0.471231
0.308032
0.421129
0.266806
0.230496
0.220196
0.316719
0.413927
0.329916
0.282918
0.381282
0.477595
0.366115
0.448116
0.261993
0.365512
0.378106
0.35926
0.564614
0.439483
0.318102
0.443337
0.412545
0.268635
0.376761
0.43306
0.56621
0.69633
0.722023
0.365888
0.30766
0.283953
0.411655
0.451664
0.575618
0.702452
0.425392
0.517708
0.372287
0.302953
0.461085
0.373559
0.406595
