0.460832
0.506846
0.551635
0.622751
0.60431
0.558208
0.586363
0.53747
0.580454
0.502402
0.497808
0.505474
0.492674
0.469079
0.511769
0.451953
0.458033
0.483029
0.499408
0.50942
0.49075
0.504704
0.54346
0.553922
0.522403
0.562177
0.57304
0.526005
0.503247
0.491403
0.525308
0.49186
0.525175
0.496352
0.421808
0.448903
0.470747
0.504265
0.427434
0.509041
0.493218
0.603162
0.625109
0.499984
0.484609
0.521074
0.508849
0.487263
0.483538
0.511417
0.507772
0.571991
0.581773
0.528778
0.523706
0.555608
0.540943
0.537014
0.539228
0.578142
0.601168
0.532693
0.53295
0.533685
0.585944
0.599972
0.512057
0.553334
0.501305
0.493612
0.507134
0.549475
0.550073
0.527761
0.568471
0.46582
0.479486
0.520076
0.5186
0.592206
0.548471
0.592442
0.617869
0.589681
0.615482
0.621498
0.62485
0.636448
0.594935
0.603344
0.598756
0.592368
0.538183
0.532587
0.593226
0.577458
0.546974
0.524741
0.460832
0.515982
0.56736
0.593189
0.605831
0.620225
0.608572
0.642025
0.662781
0.600028
0.643941
0.610606
0.612444
0.540261
0.554256
0.569849
0.538876
0.565064
0.569156
0.557338
0.517613
0.488351
0.542157
0.593125
0.627717
0.61583
0.633073
0.652537
0.605613
0.643863
0.645922
0.603586
0.603692
0.617059
0.573061
0.571918
0.538318
0.526133
0.539288
0.565664
0.631256
0.59801
0.571027
0.619266
0.606456
0.459377
0.514984
0.496727
0.628005
0.718557
0.724883
0.825357
0.793458
0.772692
0.712968
0.539841
0.526688
0.639125
0.605575
0.582418
0.58629
0.600568
0.613574
0.570917
0.537743
0.554689
0.526264
0.567683
0.570028
0.574116
0.574601
0.565316
0.590215
0.495842
0.600203
0.705494
0.761638
0.678599
0.614469
0.653932
0.602549
0.634901
0.698417
0.724421
0.69717
0.717977
0.814369
0.775638
0.896251
0.859175
0.848354
0.895061
0.907961
0.87629
0.909048
1
0.863263
0.836751
0.858021
0.885729
0.758793
0.675535
0.818048
0.864135
0.762891
0.607438
0.654123
0.665937
0.54982
0.70463
0.643187
0.671771
0.63452
0.682219
0.597972
0.497911
0.438504
0.392123
0
0.496339
0.535741
0.625156
0.460895
0.430955
0.566424
0.526223
0.710762
0.741106
0.771691
0.787916
0.805915
0.76977
0.695913
0.576944
0.53076
0.439198
0.435468
0.432584
0.460149
0.509849
0.524438
0.575443
0.499641
0.466153
0.449957
0.433335
0.477905
0.480123
0.55067
0.512017
0.438236
0.480006
0.54028
0.629898
0.619924
0.580266
0.655921
0.745841
0.600339
0.4651
0.557886
0.620734
0.534196
0.508665
0.415197
0.467718
0.522294
0.72072
0.663274
0.553096
0.603696
0.844056
0.696689
0.614709
0.678602
0.701696
0.841068
0.690462
0.745362
0.909254
0.877663
0.793868
0.801224
0.872105
0.904687
0.884186
0.776476
0.859192
0.701027
0.641977
0.684899
0.651201
0.719229
0.619214
0.673737
0.670422
0.662384
0.618007
0.642248
0.705484
0.711412
0.71524
0.67598
0.681806
0.679468
0.779443
0.660618
0.919889
0.81742
0.696711
0.763122
0.879372
0.87981
0.901027
0.937088
0.926029
0.917981
0.885302
0.923497
0.889102
0.902779
0.874122
0.865704
0.764169
0.744959
0.69359
0.701925
0.661164
0.629424
0.65597
0.78238
0.95622
0.853158
0.820405
0.778508
0.74371
0.757115
0.860222
0.817608
0.783765
0.878894
0.923069
0.86081
0.822755
0.915096
0.847103
0.977226
0.93029
0.804936
0.765698
0.849795
0.841246
0.908711
0.847182
0.777884
0.852162
0.76277
0.791519
0.695079
0.771086
0.743224
0.73237
0.824492
0.853031
0.837021
0.6918
0.714096
0.626752
0.638622
0.644072
0.665968
0.674996
0.663489
0.646359
0.539341
0.605068
0.701932
0.532511
