0.673905
0.648074
0.645455
0.707942
0.753188
0.69018
0.635798
0.665251
0.591335
0.633151
0.689225
0.700995
0.694788
0.759873
0.875405
0.792825
0.740798
0.88202
0.940479
0.793826
0.871349
0.835273
0.882299
0.832962
0.917459
0.905959
0.784769
0.816995
0.768153
0.781677
0.654428
0.653618
0.63545
0.737418
0.721162
0.644132
0.611816
0.730068
0.644206
0.787276
0.684058
0.879507
0.79888
0.613048
0.647186
0.70417
0.629869
0.526623
0.572601
0.490879
0.534661
0.57603
0.574301
0.693182
0.715325
0.639946
0.672894
0.662503
0.825902
0.749394
0.667339
0.547451
0.436196
0.444216
0.371044
0.309203
0.333436
0.54424
0.560381
0.643409
0.6192
0.617553
0.680688
0.762729
0.68278
0.7709
0.646029
0.533716
0.475823
0.49718
0.575387
0.589005
0.697821
0.557554
0.571551
0.60399
0.634365
0.609113
0.634655
0.584475
0.646508
0.572647
0.661028
0.499735
0.400058
0.438231
0.356063
0.336669
0.327769
0.250586
0.303164
0.398005
0.514026
0.458409
0.503199
0.529892
0.449897
0.621971
0.664062
0.52812
0.544913
0.610096
0.660377
0.635122
0.586608
0.616497
0.647278
0.701222
0.624228
0.590123
0.572577
0.571326
0.519823
0.56488
0.621921
0.537573
0.56276
0.691029
0.749181
0.71141
0.722785
0.725925
0.497245
0.357522
0.578424
0.414154
0.581907
0.532513
0.669678
0.681808
0.655706
0.628854
0.72317
0.717287
0.731577
0.718793
0.713162
0.688581
0.663365
0.60954
0.493221
0.376688
0.294804
0
0.22152
0.350397
0.345089
0.358961
0.424698
0.379539
0.412366
0.508283
0.531793
0.497244
0.706902
0.608546
0.642928
0.61809
0.623118
0.617885
0.731349
0.704681
0.691462
0.703477
0.686948
0.612844
0.626934
0.622357
0.658449
0.676563
0.614423
0.699702
0.687817
0.737191
0.764519
0.704995
0.519777
0.435171
0.356684
0
0.430643
0.626202
0.479082
0.468528
0.6567
0.754948
0.685414
0.638687
0.64473
0.670547
0.600187
0.703892
0.625952
0.639972
0.696558
0.590974
0.68471
0.641774
0.617419
0.449228
0.597937
0.453568
0.362463
0.294785
0.415307
0.523375
0.615508
0.547111
0.643859
0.653258
0.626434
0.552574
0.585131
0.571989
0.596278
0.647386
0.673816
0.623369
0.623832
0.528484
0.525823
0.560454
0.52969
0.532528
0.590804
0.577066
0.64621
0.781383
0.745922
0.711175
0.694245
0.775011
0.733516
0.566632
0.834095
0.710887
0.553979
0.583632
0.62751
0.799276
0.743664
0.6094
0.616517
0.650591
0.555797
0.708197
0.6519
0.698569
0.71743
0.56813
0.557222
0.538531
0.54124
0.463365
0.402891
0.378291
0.270496
0.337093
0.362874
0.41216
0.406907
0.371707
0.451291
0.744456
0.533267
0.560517
0.753242
0.729957
0.574611
0.452147
0.3584
0.444568
0.619988
0.594449
0.524264
0.629274
0.745254
0.641739
0.645176
0.750547
0.7748
0.670532
0.697447
0.766349
0.728079
0.699581
0.679753
0.642592
0.702629
0.7976
0.813183
0.644312
0.713686
0.629768
0.682482
0.664047
0.586697
0.637457
0.641223
0.611446
0.573025
0.493783
0.53568
0.598618
0.656028
0.476738
0.48353
0.502577
0.618155
0.60821
0.598218
0.641213
0.730829
0.779266
0.716547
0.731405
0.579275
0.633404
0.599036
0.773325
0.6256
0.65931
0.770097
0.741136
0.619221
0.633846
0.739522
0.721007
0.650923
0.681014
0.681228
0.755303
0.663932
0.791465
0.788602
0.754934
0.745344
0.849399
0.801496
0.779438
0.746147
0.794107
0.787819
0.758468
0.741411
0.711406
0.774727
0.731133
0.729925
0.75419
0.807907
0.723481
0.761643
0.809371
0.937966
0.897566
0.846829
0.930766
0.907327
0.855354
0.878609
0.921079
1
0.80921
0.887168
0.89575
0.698876
0.657381
0.672517
0.622497
0.560069
0.619439
0.544226
0.61552
0.599129
0.648798
0.675249
0.58783
0.682833
0.76273
0.780003
0.683258
0.688548
0.56172
0.545691
0.486489
0.596337
0.659929
0.582514
0.508074
0.654519
0.648628
0.670107
0.694168
0.648063
0.637833
0.7292
0.74675
0.742572
0.742492
0.9294
0.89351
0.846469
0.81862
0.88127
0.969308
0.786837
0.731456
0.837863
0.635705
0.869369
0.72226
0.782955
0.561444
0.495139
0.527411
0.458893
0.674506
0.705634
0.52958
0.566965
0.561517
0.557536
0.651644
0.730959
0.810623
0.660096
0.808561
0.863112
0.727497
0.807628
0.794885
0.663485
0.640255
0.632355
0.593681
