0.653755
0.623123
0.5642
0.618511
0.72476
0.740407
0.727218
0.692704
0.719805
0.72974
0.751489
0.719816
0.735594
0.668382
0.640548
0.619038
0.609502
0.594528
0.596243
0.494321
0.444293
0.458182
0.525401
0.559117
0.538514
0.548417
0.621834
0.66097
0.727513
0.726721
0.769807
0.77602
0.720352
0.740982
0.677847
0.578099
0.666857
0.720511
0.695676
0.635217
0.73341
0.649127
0.64213
0.56944
0.586229
0.597275
0.549671
0.502572
0.552202
0.510443
0.558232
0.630559
0.631301
0.590117
0.60493
0.665974
0.598609
0.563623
0.66531
0.685494
0.63617
0.583579
0.675748
0.578369
0.617443
0.610571
0.659923
0.845721
0.743888
0.843534
0.698801
0.574867
0.626419
0.658342
0.709687
0.750827
0.745393
0.712496
0.675727
0.650901
0.645446
0.65199
0.655809
0.655543
0.645259
0.610873
0.669453
0.579744
0.666259
0.62857
0.579662
0.632794
0.640953
0.626706
0.652897
0.569588
0.677122
0.654424
0.653925
0.638471
0.770284
0.73975
0.6646
0.853147
0.580697
0.650688
0.822741
0.915159
0.973361
0.991682
0.945869
0.916012
0.966513
0.926717
0.850749
0.803664
1
0.86294
0.742176
0.808725
0.903607
0.836143
0.647162
0.750089
0.790995
0.639236
0.718734
0.695216
0.658134
0.544172
0.477805
0.421752
0.38725
0.3253
0
0.408307
0.578343
0.71392
0.557005
0.39186
0.457139
0.553284
0.642558
0.643005
0.627845
0.631799
0.630977
0.596705
0.634404
0.666489
0.603712
0.551918
0.528943
0.514789
0.540842
0.540667
0.538605
0.497156
0.45911
0.504118
0.523176
0.511015
0.466486
0.478493
0.502448
0.473331
0.501018
0.519987
0.536173
0.506545
0.468574
0.491057
0.484427
0.433896
0.424114
0.502112
0.713156
0.705579
0.630073
0.792698
0.737476
0.765881
0.804395
0.693068
0.693301
0.618712
0.602277
0.537366
0.419264
0.689063
0.649013
0.797789
0.672877
0.541153
0.705092
0.608045
0.520191
0.66619
0.700656
0.814945
0.648768
0.767023
0.888229
0.815588
0.77404
0.908338
0.900893
0.849749
0.79864
0.89194
0.754752
0.783293
0.799868
0.794018
0.717614
0.706745
0.584601
0.566992
0.584648
0.585878
0.582748
0.614147
0.58814
0.574185
0.640638
0.6148
0.638238
0.66323
0.614082
0.702628
0.679358
0.818487
0.743699
0.861503
0.909528
0.817449
0.853923
0.917286
0.885756
0.814735
0.840622
0.912659
0.814374
0.867652
0.881781
0.830691
0.890623
0.841523
0.828553
0.741966
0.733652
0.704857
0.708236
0.757221
0.657992
0.63286
0.792985
0.829656
0.835966
0.779111
0.783973
0.878055
0.812993
0.942636
0.774246
0.746612
0.75495
0.790794
0.749564
0.772467
0.907854
0.783996
0.80703
0.813624
