0.63771
0.646823
0.711012
0.796821
0.71459
0.83296
0.718209
0.794519
0.749992
0.830114
0.813772
0.861443
0.884826
0.811402
0.769228
0.716238
0.820138
0.711345
0.69433
0.585823
0.528869
0.584275
0.431714
0.407367
0.418068
0.425154
0.397142
0.379949
0
0
0.605495
0.490962
0.561324
0.607583
0.586626
0.705191
0.762871
0.830334
0.707293
0.797914
0.851696
0.568981
0.687386
0.891408
0.75574
0.651222
0.750558
0.767455
0.704333
0.817782
0.733874
0.636695
0.712802
0.694032
0.751294
0.607685
0.742134
0.873476
0.773894
0.854045
0.778251
0.806734
0.783795
0.779504
0.740572
0.911687
0.836937
0.792376
0.803546
0.895954
0.822993
0.735267
0.761478
0.683231
0.821169
0.764518
0.710721
0.906724
0.853924
0.821526
0.809351
0.802912
0.743872
0.721985
0.778879
0.679469
0.518273
0
0
0.357187
0.503232
0.519008
0.547359
0.66189
0.579233
0.699767
0.674536
0.733681
0.626516
0.697687
0.680458
0.580884
0.754212
0.635614
0.668152
0.670264
0.706135
0.690802
0.676793
0.793989
0.674804
0.623523
0.628966
0.63915
0.711284
0.756362
0.803621
0.802751
0.718986
0.756753
0.836789
0.84849
0.792226
0.766325
0.673728
0.7179
0.595451
0.744896
0.588591
0
0.547473
0.40071
0.410005
0.589218
0.42782
0.504594
0.49358
0.477607
0.393824
0.366657
0.226019
0.226019
0.226019
0.226019
0.226019
0.226019
0.305516
0.226019
0.305516
0.36491
0.447938
0.616184
0.685648
0.641719
0.625993
0.736413
0.818977
0.765417
0.774415
0.692287
0.797275
0.731584
0.718192
0.681599
0.645839
0.551533
0.564836
0.644815
0.448575
0.410986
0.452081
0.501097
0.534447
0.481112
0.548385
0.700237
0.720417
0.765486
0.798941
0.804122
0.963763
0.851897
0.90806
0.989439
1
0.896523
0.899953
0.921109
0.847142
0.820582
0.866276
0.844079
0.711693
0.712338
0.793779
0.806728
0.826779
0.700579
0.772296
0.880642
0.812093
0.754139
0.748963
0.874082
0.760356
0.716515
0.824232
0.852317
0.728173
0.703072
0.682847
0.726182
0.733092
0.665337
0.530501
0.500467
0.450295
0.450902
0.419588
0.415782
0.43571
0.559556
0.591369
0.527795
0.547729
0.63871
0.728679
0.797306
0.636423
0.59689
0.620336
0.662045
0.625924
0.735233
0.671599
0.751578
0.781436
0.799353
0.769056
0.831971
0.758015
0.764545
