0.700894
0.695522
0.800958
0.813495
0.781922
0.719023
0.649907
0.818873
0.761035
0.624704
0.744865
0.712717
0.760151
0.640534
0.756907
0.774146
0.735792
0.712548
0.825581
0.841537
0.760065
0.753844
0.788636
0.873359
0.78195
0.706879
0.751612
0.812574
0.77867
0.737101
0.802509
0.811966
0.71776
0.733511
0.819531
0.796445
0.770812
0.8232
0.805457
0.698491
0.76477
0.682112
0.693115
0.566672
0.636084
0.754954
0.709686
0.676281
0.667664
0.713567
0.666437
0.654818
0.717171
0.771639
0.752063
0.735481
0.758555
0.764102
0.748795
0.74042
0.706411
0.833234
0.803914
0.755133
0.720797
0.765736
0.744039
0.742197
0.837839
0.767133
0.71801
0.685192
0.676387
0.55214
0.598191
0.588473
0.576341
0.606832
0.632774
0.695274
0.689841
0.664871
0.691892
0.743213
0.726952
0.713041
0.756777
0.810476
0.741786
0.729691
0.805
0.848606
0.744504
0.77641
0.849561
0.758844
0.730863
0.75089
0.813356
0.709462
0.722612
0.811966
0.78195
0.808322
0.778409
0.780833
0.737565
0.746708
0.70994
0.703649
0.720842
0.715106
0.678978
0.630502
0.65975
0.628995
0.521303
0.533807
0.48199
0.5068
0.639149
0.682005
0.642539
0.739214
0.720934
0.575753
0.624655
0.635131
0.673819
0.599342
0.581263
0.650939
0.725183
0.631525
0.649351
0.697131
0.66671
0.639392
0.648446
0.683882
0.719612
0.667289
0.678476
0.650844
0.597692
0.619344
0.698491
0.729344
0.646704
0.669776
0.703069
0.653912
0.655027
0.703609
0.693805
0.636084
0.714197
0.726293
0.681153
0.701889
0.709961
0.638576
0.648568
0.677907
0.696988
0.629715
0.656511
0.711466
0.646507
0.600309
0.620494
0.588595
0.500818
0.565214
0.517007
0.562265
0.50294
0.577976
0.529919
0.467056
0.47506
0.548413
0.553143
0.565214
0.52451
0.580709
0.529919
0.467056
0.472448
0.529919
0.500818
0.47506
0.489709
0.50294
0.405777
0.415296
0.442606
0.410665
0.367864
0.410665
0.47506
0.489709
0.500818
0.550003
0.575207
0.61898
0.566672
0.568739
0.543557
0.575207
0.634145
0.562559
0.568444
0.596429
0.601438
0.537277
0.557298
0.615865
0.582955
0.596429
0.566672
0.573809
0.597692
0.671704
0.600195
0.598947
0.659956
0.684895
0.662934
0.647954
0.617695
0.642097
0.651408
0.584323
0.679726
0.697057
0.660952
0.707749
0.749117
0.776301
0.765529
0.748041
0.748184
0.730222
0.740781
0.705457
0.772399
0.748141
0.675845
0.727042
0.649682
0.678955
0.743203
0.742038
0.705905
0.690681
0.675188
0.658176
0.704002
0.713734
0.795053
0.793543
0.72537
0.768021
0.691146
0.684596
0.741559
0.648492
0.582957
0.712982
0.879095
0.756651
0.7076
0.777155
0.764059
0.711071
0.608153
0.666988
0.680668
0.646882
0.62057
0.767459
0.694194
0.668452
0.71287
0.62412
0.538397
0.632947
0.570111
0.504437
0.562557
0.645228
0.628613
0.636894
0.663273
0.645565
0.708573
0.633833
0.650574
0.648493
0.660224
0.674895
0.677501
0.659091
0.600195
0.586285
0.576454
0.59936
0.540246
0.513118
0.540246
0.509129
0.528136
0.518916
0.621638
0.649461
0.64038
0.614534
0.66753
0.685692
0.636311
0.705539
0.679732
0.602228
0.527863
0.614889
0.606194
0.576446
0.555491
0.623285
0.612916
0.633741
0.623
0.646538
0.617562
0.659144
0.671533
0.738985
0.677988
0.5732
0.572585
0.670132
0.714935
0.579979
0.612923
0.595465
0.691064
0.749083
0.746184
0.667232
0.688858
0.69781
0.647039
0.683762
0.655085
0.561033
0.746275
0.745883
0.682107
0.805379
0.821594
0.764033
0.838753
0.807393
0.779182
0.911554
0.821397
0.845392
0.667038
0.65173
0.788909
0.648755
0.620626
0.744252
0.732702
0.714669
0.727512
0.683508
0.569292
0.598005
0.723707
0.702903
0.830293
0.665893
0.90592
0.88837
0.764346
0.723341
0.696004
0.717925
0.739325
0.782523
0.778836
0.881044
0.824299
0.987926
0.857726
0.693224
0.850312
0.58999
0.635409
0.651083
0.670683
0.634736
0.656405
0.580669
0.562736
0.641607
0.446921
0.463607
0.422515
0.492067
0.402099
0.465629
0.633645
0.627714
0.861651
0.830432
0.747609
0.706113
0.752422
0.715691
0.716042
0.695665
0.67631
0.638606
0.654033
0.709392
0.831895
0.871721
0.812565
0.823149
0.713757
0.682323
0.468962
0.564638
0.616224
0.581168
0.562239
0.430958
0.52443
0.555558
0.484616
0.477853
0.487059
0.55612
0.581159
0.638447
0.598226
0.648172
0.600369
0.727005
0.581172
0.554929
0.633216
0.525737
0.486766
0.610112
0.427195
0
0
0.741666
0.579469
0
0.555064
0.705456
0.556958
0.643189
0.753485
0.755715
0.733706
0.669993
0.785689
0.71828
0.729546
0.734744
0.630181
0.631143
0.726085
0.677258
0.574432
0.535746
0.515514
0.703881
0.471876
0.78327
0.64079
0.374045
0
0.822341
0.616087
0.897871
0.893621
0.961282
0.841976
0.485513
0.63122
0.910057
0.663649
0.685761
0.782587
0.702844
0.739791
0.855446
0.724558
0.615844
0.595263
0.473053
0.497355
0.523969
0.59806
0.66589
0.585464
0.518456
0.517674
0.570335
0.472788
0.53355
0.539661
0.592727
0.622846
0.634369
0.735149
0.629531
0.756958
0.773698
0.603017
0.633138
0.712263
0.628726
0.679003
0.682571
0.566439
0.618365
0.622023
0.619046
0.489965
0.465519
0.606385
0.533336
0.480044
0.536477
0.62104
0.689874
0.684211
0.720982
0.764219
0.715868
0.699542
0.741695
0.803907
0.758404
0.699244
0.63532
0.741738
0.615477
0.678866
0.772968
0.761277
0.7905
0.773294
0.760889
0.728167
0.741927
0.676203
0.741783
0.661879
0.659607
0.553614
0.603976
0.674301
0.66169
0.651132
0.651648
0.666219
0.632215
0.59536
0.680243
0.674953
0.694155
0.638825
0.682349
0.711241
0.619499
0.588691
0.590742
0.492698
0.697226
0.624677
0.542285
0.44709
0.473308
0.631004
0.587092
0.545558
0.548056
0.549332
0.474367
0
0.364951
0.62442
0.703756
0.728343
0.749304
0.855559
1
0.875449
0.923526
0.700112
0.83384
0.8465
0.882463
0.780275
0.920536
0.784404
0.735514
0.76171
0.72735
0.851574
0.821253
0.862101
0.813303
0.838386
0.916296
0.97087
0.779004
0.661055
0.686415
0.702694
0.711594
0.626912
0.589921
0.62049
0.65841
0.713817
0.638759
0.551421
0.696952
0.738389
0.695311
0.698322
0.837464
0.820454
0.752433
0.771498
0.757225
0.78788
0.784465
0.738474
0.666683
0.86345
0.734864
0.76366
0.796255
0.677994
0.773308
0.853976
0.702428
0.676809
0.814601
0.791685
0.63431
0.648292
0.701016
