0.339035
0.402977
0.431905
0.495782
0.429027
0.449191
0.426335
0.551312
0.57333
0.672874
0.536577
0.504316
0.665689
0.574533
0.695959
0.490502
0.463068
0.518443
0.497764
0.557477
0.476264
0.456718
0.459254
0.470893
0.576751
0.546147
0.5291
0.397086
0.382701
0.490421
0.453588
0.362215
0
0.568337
0.627166
0.67859
0.686161
0.838957
0.969923
0.969261
0.863143
1
0.763843
0.69797
0.822193
0.760677
0.599652
0.56982
0.671255
0.62078
0.547809
0.425708
0.508905
0.609265
0.542669
0.957734
0.833523
0.727325
0.792127
0.742893
0.729661
0.643205
0.636789
0.693711
0.674863
0.461095
0.492609
0.63407
0.604736
0.527189
0.593196
0.570761
0.518915
0.495986
0.634367
0.624902
0.568772
0.671669
0.721792
0.863807
0.696677
0.712944
0.780971
0.701365
0.580148
0.645155
0.622139
0.711628
0.829684
0.82148
0.801298
0.648287
0.557747
0.699728
0.800413
0.520119
0.546309
0.557452
0.520789
0.507836
0.506493
0.522989
0.532046
0.580053
0.583499
0.671787
0.627361
0.616088
0.630597
0.669414
0.82673
0.824866
0.839308
0.748408
0.782893
0.720855
0.713832
0.665992
0.665893
0.663727
0.682569
0.566486
0.458664
0.499321
0.647669
0.650032
0.615005
0.667554
0.764675
0.748052
0.7398
0.791507
0.890879
0.763234
0.651786
0.757668
0.76991
0.667307
0.811637
0.721478
0.608036
0.511725
0.394261
0.45261
0.32052
0.358804
0.470813
0.484447
0.50707
0.563239
0.464596
0.414131
0.457526
0.35414
0.401482
0.416484
0.590708
0.578593
0.536047
0.53001
0.433041
0.405181
0.439845
0.409792
0.495547
0.327828
0.287712
0.404026
0.229403
0
0.503022
0.612591
0.699232
0.714368
0.638505
0.660975
0.824475
0.70808
0.570482
0.522953
0.445863
0.504777
0.506519
0.592042
0.644848
0.704065
0.673562
0.619181
0.331167
0
0.305049
0.449824
0.485177
0.400312
0.29186
0.334311
0.300726
0.385072
0.304861
0.355397
0.430886
0.482766
0.480978
0.494506
0.472686
0.65857
0.590063
0.481658
0.468852
0.601879
0.434863
0.440161
0.51781
0.482372
0.534959
0.561766
0.582432
0.661873
0.750043
0.806157
0.870471
0.636777
0.738625
