0.491558
0.620965
0.657545
0.739142
0.642033
0.689298
0.678792
0.645499
0.662989
0.579262
0.496344
0.526933
0.612246
0.62703
0.710782
0.700408
0.606592
0.628517
0.569143
0.579056
0.537577
0.557219
0.646943
0.664741
0.604026
0.581318
0.509419
0.388272
0.404384
0.376179
0.429985
0.427002
0.492977
0.559784
0.61862
0.65165
0.617026
0.626202
0.601718
0.604095
0.564539
0.545359
0.573086
0.585469
0.571769
0.577777
0.509192
0.57707
0.539578
0.600589
0.577254
0.465337
0.561066
0.539081
0.595038
0.535327
0.518166
0.518166
0.483476
0.523334
0.549241
0.460871
0.463981
0.485962
0.648682
0.664183
0.639464
0.658904
0.631758
0.618057
0.682576
0.682234
0.665791
0.637581
0.639554
0.809927
0.800194
0.844605
0.726666
0.602609
0.568845
0.627769
0.564578
0.60755
0.69004
0.667888
0.734565
0.768183
0.771914
0.67732
0.707952
0.695015
0.678543
0.679028
0.717294
0.655976
0.649749
0.656831
0.682227
0.634006
0.561048
0.517234
0.616115
0.577416
0.5853
0.619658
0.571042
0.565865
0.612248
0.657202
0.634482
0.625852
0.598022
0.568377
0.565318
0.571535
0.716537
0.77723
0.988269
0.953284
0.855657
0.902144
0.99289
0.866852
0.759899
0.911105
0.981419
0.842303
0.79265
0.866245
0.858317
0.74638
0.573053
0.719114
0.643303
0.528787
0.743085
0.730629
0.702195
0.700021
0.588502
0.509948
0.394379
0.362241
0
0.434198
0.477983
0.521911
0.493174
0.382573
0.510719
0.533192
0.645419
0.725385
0.768585
0.710486
0.789634
0.647264
0.651061
0.65545
0.567027
0.57416
0.513203
0.651088
0.531343
0.362457
0.540125
0.423212
0.453489
0.498348
0.446852
0.467726
0.456207
0.373603
0.363675
0.447618
0.47465
0.450831
0.413646
0.374751
0.454707
0.449161
0.55133
0.591085
0.658089
0.586026
0.714333
0.707148
0.710191
0.661863
0.715822
0.677314
0.575245
0.556491
0.482281
0.484019
0.594374
0.557469
0.712853
0.645164
0.602168
0.734959
0.624537
0.525261
0.697212
0.750837
0.670257
0.630951
0.752579
0.809625
0.711289
0.78154
0.808785
0.756174
0.624103
0.613912
0.653986
0.744167
0.682088
0.642889
0.576851
0.589164
0.572617
0.601102
0.652238
0.678966
0.650154
0.798026
0.750349
0.668549
0.607976
0.697853
0.704503
0.677135
0.635877
0.635049
0.696825
0.71738
0.658678
0.662845
0.617532
0.656547
0.668456
0.579448
0.597668
0.587358
0.526114
0.512502
0.55543
0.619237
0.598171
0.579575
0.627234
0.649447
0.635718
0.613493
0.672143
0.639726
0.624806
0.696327
0.638504
0.645158
0.685843
0.761309
0.826421
0.789487
0.724406
0.775256
0.907182
0.801002
0.810678
0.701545
0.787306
0.952791
0.879599
0.77396
0.788263
0.644662
0.552026
0.570338
0.632267
0.915905
0.997436
0.93246
0.872431
0.907658
0.844939
0.787964
0.936739
0.923268
0.847254
0.869723
0.854079
0.80964
0.810923
0.77641
0.673947
0.69251
0.711689
0.709813
0.658919
0.594265
0.777309
0.862625
0.905503
0.854768
0.856948
0.975112
1
0.981922
0.917931
0.974303
0.929029
0.96268
0.95766
0.93823
0.909437
0.938685
0.869519
0.93028
0.852266
0.838764
0.903739
0.808111
0.76196
0.679373
0.62291
0.707977
0.677952
0.591202
0.617902
0.611756
0.696414
0.702156
0.635416
0.562117
0.508994
0.377697
0.408668
0.393439
0.564868
0.600149
0.563272
0.641755
0.638402
0.611036
0.640609
0.593392
0.602627
0.66396
0.685354
0.633993
0.64942
0.749896
0.731073
0.660894
0.673534
0.601211
0.535812
0.732902
0.860137
0.84411
0.752704
0.787003
0.749742
0.69082
0.727568
0.668759
