0.427817
0.366084
0.421584
0.503887
0.508444
0.560527
0.467856
0.458474
0.441019
0.401895
0.532839
0.576847
0.504875
0.530934
0.605651
0.549676
0.568369
0.571384
0.549567
0.443781
0.478211
0.499054
0.571423
0.461802
0.481143
0.411466
0.45697
0.422451
0.454076
0.398933
0.386255
0.336692
0.394765
0.393488
0.49015
0.473253
0.436154
0.375311
0.402675
0.337771
0.372959
0.336152
0.354188
0.372059
0.370132
0.426844
0.46394
0.444702
0.444386
0.403447
0.519801
0.508852
0.463177
0.475387
0.529181
0.503213
0.420137
0.466768
0.472801
0.464329
0.497176
0.452771
0.492086
0.435078
0.432072
0.468126
0.387252
0.392779
0.389689
0.289916
0.257941
0
0.221726
0.312985
0.486686
0.374844
0.322777
0.302729
0.322131
0.286034
0.321603
0.266092
0.262028
0.304258
0.278081
0.30612
0.336579
0.349363
0.379264
0.343491
0.341285
0.3254
0.434137
0.387029
0.393766
0.46599
0.457498
0.446474
0.406047
0.356888
0.329464
0.34811
0.377111
0.371894
0.38505
0.378833
0.436122
0.420679
0.320558
0.319248
0.377447
0.326434
0.391627
0.430544
0.514648
0.492767
0.545825
0.627462
0.531408
0.475971
0.540043
0.546363
0.398695
0.440842
0.446998
0.412075
0.437188
0.442827
0.429987
0.416465
0.425217
0.480218
0.443089
0.352363
0.352399
0.27803
0.300078
0.544386
0.39278
0.238739
0
0.329968
0
0.575372
0.631697
0.607549
0.77822
0
0.233332
0.2681
0.287183
0.36241
0.808044
0.618471
0.723116
0.737755
0.708161
0.596034
0.516511
0.414458
0.330265
0.348796
0.181353
0.224172
0.214749
0.323997
0.318949
0.386823
0.309518
0.329328
0.352826
0.306958
0.300047
0.338635
0.310274
0.353651
0.327752
0.318408
0.254294
0.279739
0.312446
0.297782
0.334023
0.415033
0.528369
0.476923
0.419943
0.565566
0.778242
0.91174
0.89289
0.663324
0.684809
0.798532
0.644224
0.506428
0.478559
0.611977
0.587332
0.427558
0.41204
0.460834
0.403109
0.383378
0.39435
0.462011
0.288411
0.361391
0.444003
0.407566
0.463616
0.56656
0.625546
0.565922
0.624035
0.683652
0.47418
0.583358
0.528252
0.751952
0.536149
0.573372
0.322776
0.402666
0.485484
0.700136
0.814189
0.785125
0.678108
0.755348
0.862725
0.710631
0.511499
0.563984
0.574721
0.510373
0.516365
0.513888
0.384522
0.494278
0.425589
0.439918
0.43611
0.45555
0.380217
0.472924
0.597548
0.478221
0.448958
0.316423
0.351698
0.452452
0.300688
0.219945
0.324741
0.372034
0.290896
0.33124
0.393694
0.317838
0.301661
0.392823
0.432541
0.361905
0.425919
0.522967
0.425785
0.393192
0.439659
0.452822
0.457333
0.473893
0.420456
0.301149
0.212388
0.179117
0.160552
0.154858
0.154858
0.109109
0.109109
0.355524
0.37259
0.392802
0.490685
0.507193
0.498606
0.460116
0.414404
0.374463
0.349209
0.458781
0.478849
0.458178
0.488917
0.539351
0.490387
0.524142
0.513348
0.475177
0.394214
0.430815
0.467495
0.583222
0.417384
0.437101
0.40973
0.445628
0.42455
0.430223
0.389146
0.365107
0.340013
0.391989
0.396854
0.479311
0.481482
0.429568
0.403115
0.36542
0.305176
0.315807
0.30629
0.293597
0.345652
0.333743
0.376835
0.410863
0.43329
0.409381
0.376302
0.464219
0.462422
0.433954
0.445071
0.467876
0.494984
0.394849
0.439278
0.420166
0.434055
0.460287
0.416175
0.497181
0.384108
0.398381
0.463195
0.39177
0.389309
0.433824
0.271551
0.247188
0
0.213154
0.318185
0.48479
0.383066
0.332305
0.299785
0.303988
0.283572
0.335339
0.31848
0.294836
0.288907
0.258435
0.29142
0.312191
0.308874
0.386473
0.356439
0.310507
0.296932
0.443221
0.418155
0.371915
0.432271
0.458008
0.454886
0.41568
0.37037
0.336733
0.356956
0.37972
0.388578
0.361562
0.30253
0.394477
0.372453
0.295616
0.3033
0.372338
0.319404
0.401197
0.404214
0.442084
0.44003
0.487227
0.567007
0.469926
0.415083
0.478686
0.545871
0.385594
0.393259
0.515618
0.436043
0.458853
0.459369
0.452927
0.455058
0.454867
0.500274
0.460759
0.362307
0.335841
0.280329
0.296093
0.540289
0.376709
0.233381
0
0.346989
0
0.490777
0.555927
0.486707
0.736838
0
0.233756
0.310926
0.362208
0.509026
0.827048
0.718538
0.833872
0.842513
0.76041
0.691433
0.482636
0.441729
0.359027
0.332951
0.190878
0.234338
0.220495
0.303775
0.358058
0.319729
0.283435
0.347637
0.366129
0.34817
0.322021
0.350907
0.321741
0.369311
0.373447
0.321709
0.263461
0.337774
0.368336
0.31054
0.343305
0.382369
0.471822
0.465759
0.442931
0.530623
0.886817
0.932754
0.897434
0.744831
0.627009
0.804987
0.693978
0.521569
0.494921
0.625636
0.619824
0.413485
0.445741
0.355184
0.389687
0.331557
0.346858
0.413227
0.289091
0.357915
0.418469
0.429393
0.490268
0.555141
0.575546
0.511266
0.63535
0.625993
0.452731
0.529341
0.462159
0.714542
0.540873
0.644494
0.382691
0.39148
0.543512
0.686476
0.776105
0.78261
0.617385
0.688026
0.824257
0.686814
0.480164
0.4879
0.547611
0.477217
0.48143
0.452093
0.329644
0.426305
0.501437
0.418023
0.404048
0.456211
0.39234
0.456575
0.620228
0.448769
0.46264
0.366385
0.324461
0.440853
0.300033
0.232563
0.291944
0.369017
0.293003
0.302723
0.365798
0.300438
0.286784
0.37373
0.408028
0.364917
0.426633
0.490536
0.41371
0.37323
0.40158
0.43129
0.41403
0.431806
0.3811
0.298045
0.379116
0.368071
0.391652
0.497362
0.487753
0.52465
0.46668
0.424157
0.401966
0.392246
0.492115
0.499942
0.453943
0.484537
0.534158
0.472666
0.512754
0.522979
0.465728
0.400623
0.443415
0.473298
0.576812
0.427397
0.449099
0.419798
0.450113
0.419834
0.433135
0.38007
0.351972
0.337815
0.408153
0.392999
0.472367
0.516914
0.423965
0.408385
0.327807
0.280131
0.290655
0.276663
0.298711
0.316932
0.313429
0.384216
0.432407
0.39762
0.363773
0.362501
0.485634
0.448097
0.423595
0.437576
0.476782
0.466828
0.380326
0.431938
0.434958
0.442222
0.465518
0.429841
0.502877
0.430493
0.408903
0.455697
0.397085
0.372176
0.441876
0.280306
0.258771
0
0.215113
0.304143
0.497153
0.376465
0.321377
0.299046
0.242488
0.236029
0.298699
0.278703
0.260215
0.269273
0.244758
0.27588
0.280304
0.305879
0.362669
0.336024
0.309981
0.314153
0.388084
0.408913
0.371621
0.436744
0.455933
0.446072
0.408257
0.365071
0.323164
0.333924
0.383003
0.375592
0.359238
0.358352
0.438929
0.377707
0.308433
0.28528
0.349069
0.333405
0.414374
0.473776
0.547685
0.476657
0.515051
0.602618
0.520755
0.450608
0.516552
0.556718
0.395099
0.413546
0.527124
0.416443
0.451891
0.477787
0.474999
0.484121
0.484824
0.541039
0.480279
0.378363
0.341006
0.278477
0.285663
0.505914
0.376434
0.237919
0
0.324359
0
0.473868
0.581532
0.535146
0.709269
0
0.218986
0.28975
0.331323
0.423254
0.854568
0.657835
0.690086
0.762113
0.703448
0.605789
0.499307
0.421115
0.352087
0.334987
0.19256
0.232825
0.227058
0.308916
0.302181
0.2805
0.268876
0.277663
0.316942
0.261872
0.262487
0.335724
0.300653
0.316751
0.333043
0.296984
0.258994
0.295993
0.301511
0.294022
0.325962
0.420863
0.514165
0.465204
0.410902
0.51443
0.731725
0.920315
0.853079
0.676586
0.616033
0.734627
0.50944
0.533876
0.482438
0.636309
0.639684
0.427377
0.387873
0.384801
0.376817
0.361238
0.365733
0.427797
0.289047
0.36066
0.414901
0.419757
0.436184
0.493953
0.563207
0.522727
0.622834
0.620159
0.469475
0.556849
0.527455
0.790625
0.480563
0.541204
0.294111
0.387143
0.511811
0.627384
0.801595
0.862502
0.635274
0.704511
0.823725
0.700475
0.477281
0.483013
0.495237
0.487721
0.44617
0.477639
0.352898
0.439824
0.473537
0.455827
0.445172
0.478532
0.406348
0.442922
0.577038
0.436169
0.416261
0.318123
0.353557
0.445029
0.273344
0.204111
0.276476
0.359909
0.284814
0.305748
0.388211
0.322488
0.30305
0.387405
0.426148
0.38137
0.477159
0.513134
0.420131
0.362688
0.424023
0.42881
0.410994
0.427139
0.37299
0.319082
0.397665
0.355647
0.382218
0.482116
0.499893
0.520053
0.45145
0.406473
0.392212
0.35402
0.464898
0.505528
0.480925
0.504765
0.546921
0.48713
0.518283
0.545115
0.487082
0.426988
0.465883
0.492287
0.587376
0.462983
0.46255
0.394491
0.439079
0.414659
0.452159
0.39869
0.382216
0.361411
0.399147
0.416504
0.500637
0.486643
0.492002
0.393685
0.41544
0.346732
0.362029
0.317121
0.381873
0.379447
0.369028
0.417902
0.43657
0.441991
0.414494
0.365065
0.488606
0.478985
0.469717
0.478632
0.504635
0.500867
0.414858
0.469656
0.448457
0.449901
0.50396
0.469605
0.522308
0.421616
0.437517
0.477819
0.405241
0.412787
0.371414
0.288305
0.298285
0
0.215293
0.326513
0.492572
0.385026
0.337312
0.310155
0.335254
0.273251
0.318973
0.265875
0.273589
0.286293
0.284724
0.320788
0.293334
0.33559
0.365656
0.330999
0.335931
0.321205
0.423392
0.394274
0.38499
0.464271
0.455242
0.446945
0.428085
0.362231
0.323552
0.33429
0.381471
0.396007
0.387163
0.40134
0.451403
0.404163
0.311913
0.330246
0.38105
0.338139
0.426878
0.488047
0.514309
0.477884
0.515051
0.613526
0.506324
0.44745
0.479283
0.545759
0.376785
0.415357
0.449192
0.405479
0.413111
0.427942
0.427633
0.422379
0.435615
0.50628
0.457527
0.365174
0.363419
0.284394
0.28297
0.59684
0.39722
0.255865
0
0.348053
0
0.594772
0.633708
0.534883
0.828315
0
0.226869
0.329867
0.343374
0.405
0.866834
0.6693
0.804132
0.816724
0.71277
0.600468
0.501075
0.394716
0.335433
0.364986
0.177183
0.217078
0.217934
0.330144
0.315384
0.308143
0.315947
0.338354
0.362616
0.341804
0.306309
0.342069
0.319919
0.354216
0.358437
0.328568
0.273271
0.314775
0.337599
0.307402
0.333937
0.427925
0.503461
0.461558
0.403243
0.55076
0.811199
1
0.915233
0.711041
0.756132
0.852171
0.693191
0.504953
0.471775
0.620686
0.656082
0.444998
0.445245
0.424896
0.43995
0.358523
0.367468
0.424547
0.303531
0.38977
0.456001
0.433898
0.493751
0.612382
0.582096
0.53711
0.64205
0.717522
0.565665
0.549251
0.550998
0.8997
0.579828
0.610169
0.418427
0.412614
0.572002
0.695333
0.865204
0.859571
0.697097
0.732327
0.899641
0.761934
0.540131
0.574076
0.58984
0.534123
0.500971
0.4705
0.355342
0.457592
0.477921
0.441133
0.426234
0.496393
0.44503
0.492355
0.670327
0.473671
0.452064
0.323629
0.377935
0.452078
0.293459
0.204491
0.280151
0.358741
0.277714
0.281336
0.349218
0.289896
0.267868
0.347415
0.383989
0.330995
0.452423
0.532247
0.440894
0.397947
0.425669
0.437893
0.432862
0.471803
0.405045
0.329114
0.357595
0.321012
0.374759
0.478658
0.502386
0.554021
0.505684
0.422452
0.407015
0.390494
0.550738
0.571314
0.486705
0.506946
0.590373
0.538411
0.533666
0.561648
0.507247
0.420189
0.469529
0.496575
0.543249
0.455782
0.461197
0.421603
0.42538
0.410523
0.444779
0.40263
0.394036
0.357346
0.402302
0.408623
0.468312
0.480935
0.430531
0.390566
0.365109
0.309505
0.331561
0.302745
0.322069
0.351815
0.332573
0.389352
0.438851
0.413358
0.399046
0.368855
0.49531
0.477962
0.427727
0.445725
0.523155
0.511053
0.393955
0.436732
0.442736
0.448142
0.506003
0.457212
0.526862
0.449275
0.437526
0.49422
0.396746
0.399806
0.449735
0.291847
0.278647
0
0.206765
0.31078
0.478084
0.358219
0.334537
0.326354
0.287158
0.269162
0.321543
0.300773
0.282207
0.28741
0.280016
0.303793
0.322854
0.333247
0.413368
0.361505
0.332117
0.302894
0.43136
0.403246
0.366661
0.420359
0.479768
0.45925
0.413317
0.374642
0.336953
0.365901
0.414666
0.384697
0.383366
0.377905
0.450868
0.410502
0.309509
0.324398
0.384123
0.325027
0.412265
0.430487
0.454496
0.474322
0.540572
0.609424
0.494432
0.471866
0.547099
0.556564
0.418828
0.431442
0.513192
0.430655
0.473853
0.484191
0.444744
0.444269
0.448077
0.478588
0.44459
0.375958
0.369651
0.292771
0.305896
0.542121
0.369191
0.227052
0
0.323191
0
0.547975
0.609622
0.536817
0.688926
0
0.241336
0.330447
0.320875
0.478214
0.898217
0.735173
0.821853
0.807078
0.764887
0.656878
0.509562
0.448993
0.343308
0.301416
0.186415
0.238536
0.218172
0.277217
0.294538
0.332925
0.285862
0.250256
0.28405
0.265185
0.236942
0.344911
0.30316
0.288191
0.313686
0.303797
0.241122
0.265217
0.317959
0.304395
0.313547
0.400093
0.494978
0.470684
0.453892
0.623762
0.842612
0.946586
0.889219
0.680214
0.645827
0.78549
0.668306
0.535612
0.464514
0.619595
0.57446
0.428469
0.391935
0.41425
0.378884
0.366102
0.381778
0.432663
0.298146
0.361573
0.440908
0.414253
0.47919
0.518335
0.536592
0.513501
0.550699
0.557185
0.473447
0.524429
0.509216
0.776972
0.554745
0.633314
0.46371
0.434308
0.56131
0.702413
0.785255
0.789496
0.652874
0.70439
0.855418
0.727547
0.522137
0.518369
0.514615
0.471087
0.488506
0.510366
0.391821
0.469111
0.487591
0.438214
0.415756
0.473026
0.389303
0.460158
0.562208
0.456503
0.419952
0.28222
0.362323
0.437639
0.29589
0.246281
0.30684
0.377308
0.307304
0.341767
0.392064
0.31468
0.300785
0.361654
0.411336
0.351544
0.42925
0.526801
0.439192
0.394626
0.434415
0.463615
0.432599
0.444577
0.386929
0.289235
0.365598
0.368947
0.42455
0.499044
0.477026
0.508904
0.430734
0.406425
0.398912
0.377385
0.478761
0.491508
0.478491
0.502868
0.517922
0.485297
0.526447
0.547157
0.531897
0.432083
0.455496
0.49224
0.565085
0.451467
0.46215
0.420069
0.458533
0.436264
0.448649
0.398077
0.382851
0.348071
0.407513
0.390526
0.494048
0.469635
0.443703
0.36609
0.385846
0.331637
0.357252
0.327974
0.332283
0.358593
0.352316
0.418673
0.441792
0.443381
0.408702
0.370039
0.510121
0.495344
0.445793
0.447827
0.503274
0.496814
0.406535
0.418192
0.442159
0.475929
0.494888
0.459746
0.535114
0.425759
0.42323
0.478106
0.390657
0.397856
0.398764
0.287006
0.265775
0
0.213869
0.319024
0.494951
0.38876
0.320246
0.277276
0.281973
0.260645
0.345528
0.335616
0.291687
0.308456
0.282594
0.303912
0.332875
0.359277
0.391993
0.379767
0.358419
0.333246
0.462718
0.430466
0.407332
0.472424
0.453781
0.440332
0.449537
0.395834
0.334939
0.340485
0.385065
0.412244
0.394751
0.324799
0.401046
0.38954
0.300566
0.300933
0.36614
0.321172
0.423557
0.427061
0.470013
0.470512
0.498484
0.565468
0.495955
0.434313
0.493399
0.522818
0.365987
0.40553
0.482878
0.429148
0.409004
0.421907
0.42598
0.436013
0.409707
0.462597
0.440539
0.319393
0.370092
0.298612
0.309786
0.528419
0.346586
0.243645
0
0.323858
0
0.53849
0.599814
0.580589
0.754744
0
0.23752
0.281888
0.329657
0.427092
0.807443
0.726277
0.806098
0.767223
0.687007
0.615268
0.493055
0.465162
0.373026
0.350649
0.195046
0.195441
0.227626
0.340343
0.309141
0.282045
0.313065
0.355175
0.359269
0.299203
0.314888
0.334747
0.306105
0.337266
0.348832
0.30076
0.244601
0.301379
0.343029
0.287654
0.344541
0.399558
0.492476
0.483684
0.448871
0.544084
0.813347
0.877069
0.861409
0.678525
0.637802
0.763075
0.65519
0.449639
0.446784
0.561614
0.547337
0.445565
0.428464
0.425789
0.396302
0.347737
0.348103
0.386521
0.280199
0.34596
0.420116
0.416781
0.469293
0.531935
0.585427
0.51776
0.533112
0.588565
0.470321
0.56993
0.567746
0.715014
0.470472
0.557176
0.303207
0.348487
0.487711
0.561168
0.666376
0.644461
0.589139
0.694641
0.864981
0.698536
0.475616
0.507981
0.511818
0.483911
0.464232
0.46337
0.357785
0.452323
0.414314
0.430717
0.412858
0.465288
0.486845
0.452274
0.593875
0.436751
0.495138
0.412
0.379996
0.484971
0.339518
0.237755
0.312791
0.390059
0.31406
0.314351
0.368023
0.30272
0.294569
0.39285
0.437566
0.368436
0.488289
0.515406
0.434756
0.373141
0.427219
0.457357
0.439094
0.461235
0.406086
0.292506
