0.749501
0.7661
0.742089
0.756645
0.823911
0.778067
0.753867
0.804752
0.792232
0.788154
0.72252
0.785059
0.841375
0.79264
0.759963
0.708366
0.703461
0.666022
0.67878
0.69132
0.759197
0.786824
0.706739
0.718323
0.710455
0.684281
0.677482
0.669256
0.72858
0.723571
0.761593
0.708697
0.671936
0.633243
0.589941
0.701302
0.639868
0.666114
0.697587
0.693458
0.768131
0.843489
0.850029
0.764962
0.761168
0.828385
0.696922
0.751325
0.826946
0.885922
0.928057
0.845296
0.864072
0.792001
0.687962
0.523807
0.605895
0.681219
0.729597
0.722741
0.702077
0.801691
0.786616
0.695388
0.661092
0.631471
0.679181
0.525551
0.498587
0.820907
0.685004
0.703908
0.711559
0.73442
0.781847
0.874937
0.725492
0.72787
0.535984
0.771017
0.750316
0.751944
0.815321
0.922306
0.652566
0.472178
0
0.502499
0.507688
0.567687
0.55301
0.448041
0.459021
0.622276
0.607499
0.604824
0.653917
0.688012
0.693318
0.732326
0.756124
0.782837
0.718493
0.781426
0.721464
0.648965
0.727104
0.777614
0.605425
0.552714
0.668693
0.882277
0.762544
0.681504
0.743941
0.875349
0.782979
0.746833
0.565029
0.6882
0.708883
0.660079
0.607272
0.504058
0.613793
0.807019
0.834039
0.766246
0.850176
0.825466
0.92329
0.828368
0.778928
0.897826
0.815475
0.81489
0.798519
0.886758
0.8051
0.756818
0.902646
0.93154
0.934508
0.877226
0.814546
0.857129
0.910318
0.836041
0.922157
1
0.819503
0.821841
0.919078
0.948892
0.873643
0.911068
0.925221
0.959731
0.951134
0.962078
0.919562
0.849287
0.834295
0.82699
0.859986
0.75858
0.731397
0.669574
0.578504
0.742514
0.772475
0.78421
0.771052
0.746921
0.686986
0.660168
0.666255
0.634237
0.671011
0.694151
0.696998
0.761634
0.816882
0.852193
0.793416
0.829827
0.761077
0.728929
0.748921
0.825595
0.865713
0.855537
0.883706
0.847341
0.875451
0.832206
0.824648
0.875409
0.840759
0.911932
0.878276
0.811114
0.777568
0.794939
0.758771
0.759467
0.825492
0.740058
0.718876
0.795857
0.77557
0.818505
0.806156
0.849358
0.796952
0.824162
0.839236
0.846372
0.787551
0.767712
0.816474
0.822765
0.777925
0.80312
0.838062
0.777925
0.761077
0.777331
0.777925
0.791684
0.772475
0.761077
0.80312
0.816477
0.731934
0.694981
0.637002
0.723175
0.692835
0.697295
0.702233
0.666299
0.66061
