0.780367
0.825395
0.783721
0.836065
0.808552
0.908774
0.871988
0.899231
0.861839
0.904313
0.974274
0.835082
0.723412
0.679663
0.765267
0.687484
0.680172
0.616492
0.619245
0.657124
0.693735
0.757749
0.736593
0.658542
0.77352
0.867286
0.729874
0.757758
0.812366
0.860721
0.799416
0.825983
0.886871
0.893262
0.876797
0.8891
0.938428
0.846944
0.878045
0.697228
0.638637
0.561376
0.634445
0.739045
0.764866
0.720128
0.623874
0.53735
0.456347
0
0.614821
0
0.582236
0.517017
0.868811
0.784733
0.669349
0.563426
0.679949
0.763816
0.732059
0.641119
0.649578
0.68601
0.712309
0.785987
0.740922
0.759837
0.765389
0.764329
0.753469
0.791392
0.729844
0.69252
0.778495
0.776766
0.67192
0.71589
0.731044
0.781759
0.762068
0.742921
0.782874
0.820719
0.781655
0.667675
0.769994
0.730898
0.759969
0.753872
0.777031
0.775419
0.785972
0.741232
0.704539
0.718357
0.61378
0.762607
0.738718
0.704202
0.731544
0.670483
0.713298
0.741727
0.727098
0.710477
0.722195
0.778897
0.93385
0.882301
0.891047
0.823675
0.894711
0.886953
0.885715
0.857065
0.929277
0.850208
0.814788
0.722241
0.81591
0.750081
0.823932
0.765992
0.753134
0.749608
0.615517
0.631358
0.596619
0.610531
0.761837
0.715505
0.605424
0.715087
0.778392
0.690288
0.6747
0.745618
0.737801
0.767198
0.647518
0.676463
0.583586
0.568625
0.559972
0.576862
0.637398
0.619083
0.543129
0.57222
0.564787
0.616667
0.580966
0.60936
0.404348
0.480371
0.630234
0.633162
0.570786
0.661785
0.789709
0.741069
0.675013
0.785995
0.81465
0.77701
0.771107
0.821771
0.818179
0.759981
0.767353
0.74267
0.756961
0.601948
0.710976
0.699097
0.629823
0.695793
0.647609
0.704918
0.779175
0.773454
0.802453
0.625156
0.592984
0.521434
0.460674
0.49995
0.681066
0.777435
0.820427
0.828802
0.714639
0.770777
0.779979
0.719372
0.758554
0.734612
0.685877
0.631826
0.700875
0.681115
0.587513
0.56919
0.594242
0.583658
0.432677
0.412413
0.543747
0.59644
0.727234
0.714311
0.587685
0.566099
0.712148
0.728996
0.79685
0.730091
0.689076
0.786583
0.657554
0.629725
0.736117
0.729981
0.746948
0.886215
0.905898
0.779327
0.874136
0.757283
0.755907
0.828796
0.806
0.62536
0.657602
0.645968
0.611124
0.688763
0.68983
0.607677
0.638152
0.591391
0.581154
0.817597
0.804417
0.612134
0.742715
0.637322
0.662982
0.657974
0.713921
0.640876
0.704682
0.601754
0.568042
0.702591
0.733914
0.754503
0.738643
0.904568
0.826501
0.878492
0.896781
0.816322
0.70487
0.685409
0.645034
0.692114
0.603857
0.622678
0.60466
0.640472
0.610805
0.703601
0.828488
0.768429
0.88598
0.872979
0.863561
0.840747
0.835113
0.703639
0.941071
0.847896
0.924785
0.788702
0.822745
0.701344
0.480027
0.431209
0.442271
0.628331
0.534781
0.67573
0.657163
0.578911
0.626826
0.777274
0.777956
0.806418
0.76508
0.812911
0.844061
0.780494
0.637963
0.639325
0.681104
0.671739
0.680745
0.713077
0.752305
0.656984
0.635997
0.755596
0.832217
0.742458
0.784276
0.804939
0.855613
0.726979
0.636303
0.587954
0.797383
0.789497
0.973434
0.860121
0.975902
0.793164
0.62737
0.640829
0.653213
0.700483
0.801728
0.776352
0.782097
0.866705
0.819976
0.768609
0.790908
0.72011
0.660106
0.708602
0.762661
0.774391
0.755427
0.624515
0.731932
0.51317
0.538773
0.647
0.829124
0.777175
0.737929
0.736795
0.773232
0.788168
0.652888
0.832087
0.928923
0.739988
0.675664
0.72783
0.767747
0.750769
0.742812
0.869736
0.824702
0.803845
0.651429
0.797315
0.788438
0.811297
0.913964
1
0.810232
0.870739
0.796547
0.863854
0.809537
0.782703
0.792191
0.818288
0.792004
0.779117
0.776324
0.807779
0.755035
0.738884
0.75188
0.784764
0.727782
0.700544
0.747675
0.717322
0.625156
0.607141
0.618777
0.579692
0.518568
0.394089
0.515641
0.51265
0.634397
0.596619
0.577713
0.722184
0.737064
0.694593
0.745618
0.791141
0.795481
0.836498
0.80056
0.846894
0.879699
0.903013
0.856309
0.92738
0.880057
0.790175
0.790626
0.895121
0.903876
0.821116
0.807585
0.810391
0.815982
0.813725
0.722426
0.846437
0.834711
0.891598
0.822137
0.852594
0.85112
0.723363
0.794945
0.83159
0.633205
0.695863
0.81315
0.895305
0.93852
0.841309
0.916788
0.954825
0.934328
0.832669
0.807208
0.850439
0.924136
0.858063
0.842974
0.873393
0.906089
0.792576
0.601928
0.56156
0.775112
0.78272
0.875944
0.850899
0.862639
0.669495
0.556878
0.460674
0.351693
0.26018
0.26018
0.26018
0.26018
0.325225
