0.487556
0.499273
0.519362
0.522291
0.519362
0.474584
0.465624
0.476544
0.512083
0.481465
0.450999
0.537191
0.485797
0.481028
0.511905
0.530252
0.5633
0.53788
0.566974
0.550064
0.509029
0.465866
0.426457
0.502212
0.529183
0.4939
0.515292
0.546694
0.527895
0.546236
0.495981
0.517418
0.489381
0.47226
0.413358
0.503004
0.531094
0.499411
0.463888
0.480474
0.452981
0.47167
0.457713
0.443061
0.463524
0.458742
0.459894
0.503832
0.477246
0.462209
0.439652
0.484154
0.549632
0.559141
0.60814
0.871066
0.73023
0.80484
0.713726
0.547844
0.453067
0.512405
0.550594
0.538502
0.563387
0.542597
0.495582
0.52836
0.519243
0.490802
0.507999
0.513462
0.511723
0.469008
0.548427
0.502416
0.480985
0.562768
0.581236
0.564305
0.589836
0.598906
0.65301
0.676182
0.597786
0.572866
0.691431
0.683567
0.608226
0.620871
0.589599
0.610668
0.645086
0.864339
0.771866
0.884746
0.869874
0.898402
0.887621
0.83937
0.860547
0.90113
0.794234
0.951689
0.815884
0.69056
0.773795
0.912293
0.762605
0.631134
0.679289
0.610193
0.505478
0.676371
0.641449
0.638989
0.571808
0.536613
0.520557
0.390929
0.427702
0
0.426524
0.470135
0.552042
0.539895
0.432538
0.542496
0.586963
0.649121
0.603957
0.589279
0.642186
0.684905
0.643748
0.716165
0.616329
0.523474
0.551824
0.515748
0.457735
0.468124
0.393674
0.398346
0.473322
0.401095
0.433221
0.428521
0.531028
0.464329
0.496593
0.503054
0.43186
0.532515
0.462969
0.360781
0.479543
0.439056
0.567445
0.6638
0.710177
0.789386
0.841004
0.721262
0.621275
0.767107
0.682291
0.609125
0.470553
0.464899
0.48361
0.566181
0.60965
0.802774
0.695308
0.611435
0.743884
0.799612
0.690526
0.640826
0.671237
0.801424
0.716596
0.86231
0.863416
0.781566
0.859938
0.93872
0.906133
0.79602
0.720676
0.739872
0.782275
0.735971
0.571155
0.599164
0.717384
0.810192
0.796817
0.730048
0.682229
0.578625
0.595576
0.62161
0.675199
0.833348
0.829128
0.837952
0.825619
0.831446
0.916661
0.891038
0.85272
0.704545
0.799668
0.912433
0.909998
0.78755
0.814254
0.90006
0.869001
0.896029
0.907824
0.91115
0.944338
0.999021
0.925968
0.893824
0.896119
0.86682
0.832154
0.80648
0.841275
0.745793
0.734827
0.780587
0.66162
0.749834
0.897307
0.879431
0.808093
0.801074
0.748976
0.777535
0.777644
0.937816
0.880228
0.781879
0.75177
0.728669
0.734971
0.754515
0.781132
0.697031
0.699721
0.80858
0.814202
0.633884
0.69367
0.640365
0.687127
0.627954
0.702383
0.695247
0.686149
0.688103
0.746033
0.752653
0.676939
0.796695
0.841953
0.759615
0.765987
0.885819
0.814691
0.737622
0.698498
0.753865
0.718371
0.49522
0.535448
0.547234
0.587451
0.562823
0.544187
0.510037
0.503403
0.547133
0.468158
0.463827
0.565414
0.47375
0.469081
0.456281
0.486729
0.506289
0.505492
0.546292
0.54246
0.512127
0.456464
0.469214
0.462618
0.463694
0.44171
0.526849
0.50536
0.489759
0.523726
0.487897
0.501636
0.43307
0.511601
0.430353
0.591106
0.582804
0.539479
0.49347
0.504652
0.48926
0.472119
0.414816
0.37351
0.411606
0.426832
0.450372
0.495242
0.463361
0.448281
0.42863
0.492091
0.576157
0.573939
0.657024
0.784559
0.726666
0.805444
0.673721
0.516846
0.4516
0.478464
0.525827
0.534405
0.528689
0.539981
0.481098
0.528531
0.523141
0.479033
0.492907
0.470896
0.500704
0.433862
0.511628
0.485059
0.459011
0.562197
0.583565
0.558513
0.622763
0.62681
0.616286
0.62279
0.568035
0.568639
0.678617
0.666136
0.59401
0.627605
0.563527
0.562997
0.612073
0.851382
0.791569
0.848199
0.870058
0.891677
0.848717
0.85982
0.870061
0.893103
0.848831
0.944099
0.870625
0.778741
0.777357
0.818635
0.697787
0.582473
0.615559
0.702584
0.654273
0.655344
0.596513
0.643612
0.573093
0.558159
0.528317
0.410259
0.411245
0
0.387005
0.444183
0.5069
0.490848
0.406789
0.456914
0.568962
0.631618
0.648874
0.63294
0.669399
0.655663
0.676799
0.745183
0.655746
0.585229
0.553589
0.527287
0.486199
0.461646
0.369128
0.365902
0.454811
0.371756
0.406715
0.36235
0.425266
0.416753
0.521196
0.433786
0.353566
0.445005
0.490832
0.565176
0.641405
0.649661
0.763809
0.797294
0.649439
0.59616
0.68593
0.709998
0.661636
0.455411
0.394253
0.49868
0.581343
0.649559
0.763761
0.668783
0.584289
0.69201
0.675977
0.577449
0.646757
0.697438
0.765425
0.675374
0.828996
0.907166
0.795195
0.809727
0.922224
0.885022
0.755639
0.732003
0.666866
0.708628
0.581409
0.465243
0.485761
0.549524
0.736242
0.782071
0.709888
0.714579
0.557389
0.627183
0.606379
0.664745
0.704719
0.780201
0.760707
0.798299
0.8191
0.863317
0.858761
0.810309
0.732642
0.801961
0.913164
0.843654
0.7561
0.771242
0.854272
0.87259
0.93454
0.968602
0.940607
0.927395
1
0.967437
0.886009
0.881445
0.885598
0.847896
0.704216
0.766871
0.707325
0.640697
0.691873
0.615159
0.664995
0.731973
0.85768
0.722412
0.757114
0.677445
0.78867
0.858373
0.889079
0.87406
0.870441
0.776393
0.773114
0.774212
0.770999
0.756892
0.725019
0.751744
0.85262
0.829787
0.638515
0.619771
0.574309
0.663086
0.648441
0.740063
0.762724
0.746407
0.721975
0.777492
0.799207
0.726215
0.862319
0.852062
0.77962
0.813604
0.867716
0.818994
0.722177
0.766437
0.747441
0.781535
0.764415
