0.389856
0.517814
0.668486
0.677869
0.60997
0.702339
0.526822
0.682128
0.567767
0.776444
0.603093
0.374719
0.29975
0.314382
0.221646
0.282233
0.387053
0.386862
0.477077
0.465551
0.521117
0.55153
0.764672
0.531881
0.583063
0.722479
0.649583
0.513401
0.626263
0.502693
0.538262
0.455579
0.419622
0.538709
0.588492
0.486789
0.398717
0.454133
0.352158
0.48969
0.508032
0.585902
0.647257
0.512222
0.560516
0.527741
0.480504
0.65519
0.401097
0.519095
0.318071
0.189772
0.253985
0.218322
0.255829
0.250933
0.246057
0.24704
0.261723
0.240936
0.286855
0.230073
0.369666
0.399881
0.360397
0.3699
0.37336
0.3353
0.366236
0.523443
0.439013
0.469937
0.618088
0.681188
0.554042
0.574919
1
0.858869
0.665488
0.709077
0.876883
0.685865
0.512467
0.704288
0.640145
0.538859
0.573427
0.527069
0.592408
0.741129
0.691809
0.629737
0.707815
0.650873
0.644744
0.608869
0.556541
0
0.505994
0.636593
0.362639
0.624603
0.791102
0.615639
0.555021
0.748453
0.8604
0.766355
0.53737
0.447794
0.630525
0.638635
0.427084
0.48742
0.625037
0.548949
0.42904
0.466877
0.503316
0.34728
0
0.447841
0
0.208332
0
0.326801
0.369257
0.37405
0.427347
0.357536
0.346526
0.478345
0.264609
0.271051
0.361629
0.232003
0.38089
0
0.287851
0.490302
0.727018
0.439644
0.448398
0.513073
0.521513
0.460948
0.39098
0.386476
0.331777
0.420457
0.380531
0.375504
0.387798
0.41713
0.400744
0.59007
0.46389
0.439325
0.549749
0.435523
0.346226
0.642172
0.532266
0.365312
0.37151
0.349337
0.384159
0.393896
0.480069
0.395237
0.392213
0.34342
0.498845
0.739705
0.245176
0.328781
0.337395
0.290197
0.28026
0.331011
0.319231
0.312358
0.352535
0.452949
0.364087
0.362495
0.319512
0.308195
0.444235
0.405765
0.43694
0.582192
0.582947
0.54569
0.50554
0.578402
0.494438
0.506642
0.604471
0.495839
0.400373
0.502913
0.46285
0.507172
0.564101
0.57133
0.511619
0.527542
0.555577
0.590098
0.475303
0.493836
0.513223
0.464142
0.424485
0.465797
0.52739
0.509882
0.569152
0.585587
0.574857
0.521831
0.371426
0.299589
0
0.511448
0
0.484444
0.490831
0.551439
0.484179
0.432854
0.545412
0.514389
0.43645
0.362431
0.263435
0.255133
0.200018
0.324093
0.362989
0.401788
0.484162
0.540141
0.496859
0.5912
0.749211
0.842445
0.597461
0.51663
0.639831
0.640757
0.48825
0.537769
0.547183
0.680061
0.674218
0.548607
0.56258
0.608792
0.432921
0.526241
0.600136
0.625389
0.718349
0.655088
0.581668
0.369904
0.387388
0
0.315987
0.437472
0.459672
0.395823
0.409065
0.466611
0.342544
0.269086
0.452095
0.51174
0.622661
0.6241
0.553311
0.602353
0.502585
0.587012
0.70146
0.62911
0.645586
0.604159
0.618533
0.599615
0.613549
0.530878
0.483173
0.249611
0.361951
0.425975
0.359519
0.478526
0.584966
0.622519
0.626722
0.68699
0.53824
0.660612
0.581373
0.781245
0.565436
0.366354
0.332576
0.312238
0.215559
0.29372
0.365899
0.387708
0.469725
0.483104
0.47787
0.526157
0.745492
0.531831
0.544867
0.615139
0.625196
0.469618
0.577726
0.448122
0.55907
0.492032
0.419831
0.503431
0.582927
0.520508
0.382427
0.470162
0.356455
0.470143
0.459202
0.600013
0.631277
0.519952
0.595297
0.543517
0.512589
0.635819
0.41004
0.477398
0.303911
0.17922
0.204193
0.180809
0.215193
0.2011
0.210726
0.199008
0.240894
0.238584
0.282785
0.243366
0.351616
0.427559
0.293453
0.355014
0.415701
0.377235
0.34949
0.547947
0.47228
0.495106
0.647493
0.695333
0.568754
0.559166
0.93257
0.864299
0.605291
0.649108
0.731396
0.625454
0.500841
0.680234
0.600809
0.497882
0.523515
0.496418
0.542591
0.608473
0.627073
0.623444
0.587095
0.561864
0.638342
0.640873
0.574652
0
0.491486
0.656364
0.314177
0.678687
0.81248
0.527094
0.54122
0.732939
0.789341
0.739634
0.555585
0.514689
0.624891
0.599927
0.451432
0.485671
0.644703
0.53485
0.413379
0.428154
0.484284
0.336594
0
0.442247
0
0.211321
0
0.318302
0.339337
0.350975
0.425123
0.363983
0.352923
0.426385
0.269626
0.276494
0.323543
0.220549
0.372446
0
0.257873
0.444502
0.733049
0.477242
0.406135
0.508561
0.540214
0.519864
0.475898
0.415859
0.368732
0.474658
0.443765
0.436922
0.416465
0.453387
0.430923
0.63016
0.484243
0.455977
0.544144
0.471712
0.400169
0.645819
0.587114
0.405361
0.408059
0.390584
0.402693
0.413604
0.492859
0.396185
0.372784
0.333184
0.511924
0.826919
0.256825
0.331495
0.333933
0.285527
0.275508
0.334006
0.337566
0.302362
0.370657
0.423065
0.367248
0.360064
0.345528
0.320194
0.453448
0.40909
0.428627
0.578339
0.607637
0.626548
0.54798
0.582605
0.600594
0.633087
0.575472
0.539925
0.445885
0.574893
0.509031
0.507976
0.599886
0.564799
0.475579
0.523106
0.59761
0.632813
0.493888
0.521379
0.540332
0.444258
0.44474
0.516676
0.594194
0.520917
0.568645
0.557909
0.525571
0.410523
0.242246
0.308486
0
0.535591
0
0.45516
0.517234
0.605591
0.512639
0.412968
0.523794
0.535897
0.434567
0.341316
0.250741
0.268809
0.182623
0.300118
0.363114
0.43903
0.573579
0.635629
0.53744
0.573702
0.646379
0.863292
0.617314
0.526134
0.616547
0.643041
0.500316
0.598338
0.598376
0.63494
0.674351
0.576608
0.540607
0.591054
0.422336
0.488237
0.541779
0.539099
0.660019
0.558038
0.457293
0.361512
0.377731
0
0.30454
0.414455
0.449536
0.362198
0.367311
0.42623
0.325147
0.251758
0.395675
0.445563
0.537057
0.525218
0.481381
0.545227
0.4661
0.590253
0.699161
0.656644
0.579739
0.541048
0.621893
0.550771
0.575855
0.508349
0.481612
0.265153
0.397209
0.433801
0.375379
0.489686
0.589804
0.646693
0.593638
0.66812
0.528106
0.674926
0.570231
0.798321
0.647152
0.399634
0.313714
0.358996
0.220652
0.284562
0.378428
0.388165
0.495111
0.507938
0.486327
0.61337
0.771145
0.529406
0.608085
0.626611
0.594216
0.480043
0.569815
0.451754
0.504513
0.451431
0.400973
0.512237
0.574914
0.500884
0.370203
0.486649
0.366716
0.485405
0.491603
0.575384
0.617256
0.483844
0.59181
0.522839
0.492687
0.615763
0.400347
0.47455
0.304288
0.192405
0.247755
0.268823
0.279841
0.221318
0.247836
0.295812
0.382042
0.372618
0.350551
0.27986
0.356661
0.440691
0.311077
0.386433
0.409348
0.396599
0.40133
0.58207
0.485402
0.542878
0.630646
0.719322
0.547454
0.556409
0.848943
0.862559
0.640073
0.662416
0.829556
0.720268
0.617516
0.760676
0.62901
0.541861
0.604877
0.539471
0.551246
0.621597
0.63376
0.573325
0.672579
0.588965
0.639905
0.651791
0.624172
0
0.506204
0.719968
0.324732
0.713819
0.828344
0.564913
0.589485
0.798302
0.801932
0.806936
0.556514
0.518931
0.651377
0.610591
0.429426
0.481511
0.653882
0.576894
0.442173
0.462865
0.572743
0.347858
0
0.400967
0
0.221825
0
0.318527
0.327659
0.351265
0.429491
0.336819
0.319277
0.401989
0.259965
0.248078
0.287828
0.208133
0.393865
0
0.24761
0.419906
0.695803
0.476243
0.427301
0.538481
0.553313
0.495499
0.432828
0.403536
0.357532
0.467781
0.432475
0.415676
0.415544
0.462452
0.442541
0.603263
0.46609
0.437749
0.56707
0.478517
0.364505
0.663206
0.575142
0.372942
0.385098
0.36547
0.377729
0.381853
0.481706
0.421968
0.39524
0.363052
0.530101
0.834488
0.263141
0.332574
0.318691
0.277964
0.254162
0.309589
0.31855
0.292754
0.351167
0.42989
0.350417
0.339129
0.334268
0.344239
0.437707
0.417729
0.425462
0.598018
0.60762
0.680733
0.581874
0.577686
0.634932
0.689367
0.583972
0.578314
0.464268
0.55249
0.5228
0.537515
0.601224
0.608583
0.554143
0.596595
0.61469
0.643181
0.507631
0.510343
0.51869
0.433417
0.427029
0.480848
0.58332
0.545092
0.612122
0.551134
0.507774
0.454966
0.27642
0.282713
0
0.515726
0
0.426117
0.516863
0.597128
0.500348
0.39855
0.491502
0.464779
0.437354
0.369574
0.242761
0.257962
0.188298
0.289942
0.34407
0.380965
0.540982
0.663358
0.545255
0.512222
0.634602
0.698216
0.5544
0.485394
0.549565
0.594502
0.493569
0.527479
0.537227
0.675512
0.659753
0.521282
0.536873
0.567102
0.42277
0.475236
0.534003
0.560599
0.645264
0.616996
0.523282
0.379585
0.336138
0
0.308457
0.397652
0.442845
0.387637
0.410233
0.456441
0.349639
0.26827
0.430543
0.487068
0.589053
0.588974
0.529457
0.570018
0.46298
0.586615
0.709023
0.592822
0.56973
0.515503
0.545656
0.563671
0.592976
0.522026
0.478664
0.242458
0.351195
0.394077
