0.432526
0.470204
0.492531
0.602258
0.53069
0.56132
0.468343
0.411888
0.441755
0.479123
0.410806
0.334059
0
0.504499
0.606708
0.451569
0.477181
0.597087
0.63077
0.728303
0.626419
0.615109
0.777482
0.734599
0.758007
0.73044
0.696221
0.696109
0.696221
0.664124
0.755631
0.819022
0.638766
0.70975
0.887118
0.754655
0.794211
0.644061
0.766261
0.694972
0.572072
0.466027
0.432512
0.436301
0.574413
0.541051
0.616321
0.739963
0.698738
0.826782
0.822038
0.942386
0.890198
0.798353
0.717641
0.867403
0.822292
0.784165
0.850118
0.746363
0.690741
0.657665
0.618532
0.522697
0.614347
0.538159
0.497285
0.539094
0.699392
0.644728
0.621141
0.538245
0.617409
0.627979
0.449763
0.472499
0.75248
0.68312
0.526873
0.66712
0.74518
0.681529
0.55147
0.497192
0.582615
0.536831
0.397176
0.413472
0.35566
0.352392
0.393459
0.405821
0.409542
0.421123
0.370606
0.44395
0.512755
0.565076
0.543913
0.561313
0.52417
0.561121
0.686666
0.624166
0.571134
0.673825
0.66654
0.711405
0.765181
0.754058
0.786708
0.722885
0.785516
0.761763
0.606401
0.705805
0.7134
0.585496
0.552135
0.633054
0.76971
0.766837
0.772933
0.750243
0.827706
0.828017
0.795262
0.768329
0.723808
0.727662
0.642835
0.621943
0.57281
0.472876
0.390913
0.35434
0.329967
0.329967
0.309179
0.28527
0.277134
0.235421
0.292281
0.313895
0.348905
0.368877
0.436997
0.494819
0.509612
0.531343
0.452737
0.514131
0.574053
0.534248
0.629669
0.583423
0.627096
0.639902
0.587443
0.533531
0.452928
0.53748
0.609638
0.494504
0.627222
0.700038
0.680895
0.681156
0.683403
0.716747
0.662647
0.635416
0.629451
0.68184
0.558488
0.439492
0.368877
0.356932
0.28527
0.28527
0.277134
0.304072
0.304072
0.298483
0.277134
0.292281
0.304072
0.292281
0.292281
0.318287
0.346049
0.415277
0.51133
0.546367
0.614331
0.711615
0.779076
0.776453
0.885557
0.866507
0.841602
0.814907
0.817665
0.681814
0.616492
0.70017
0.541711
0.50971
0.567872
0.512549
0.452758
0.427624
0.342804
0.349523
0.405453
0.413149
0.414343
0.510925
0.617678
0.620427
0.63252
0.769175
0.701205
0.615688
0.60893
0.766495
0.729987
0.771011
0.743198
0.663395
0.747374
0.812172
0.771161
0.651182
0.604605
0.806588
0.739105
0.622453
0.682448
0.762911
0.605821
0.550704
0.690632
0.757832
0.585879
0.521168
0.60824
0.449082
0.452533
0.443159
0.452533
0.492091
0.549266
0.663701
0.787801
0.7888
0.631095
0.668366
0.789248
0.833201
0.86123
0.882538
0.814018
0.782052
0.791486
0.780678
0.753639
0.807313
0.631579
0.738904
0.734087
0.689642
0.662839
0.587003
0.662505
0.460154
0.280979
0.314272
0.335459
0.332215
0.349336
0.285821
0.290599
0.276637
0
0.505881
0.543666
0.568663
0.661745
0.572558
0.56503
0.501457
0.506526
0.493043
0.543209
0.561062
0.68784
0.535522
0.433703
0.501741
0.335923
0.524724
0.443455
0.319795
0.527481
0.424177
0.523258
0.519324
0.531788
0.604081
0.595351
0.576559
0.673237
0.631843
0.538434
0.676029
0.678011
0.615826
0.48508
0.377906
0.286928
0.376471
0.456494
0.61839
0.694508
0.485232
0.572432
0.697056
0.745938
0.796638
0.745366
0.646612
0.652142
0.555681
0.485579
0.37499
0.492488
0.5392
0.644808
0.521682
0.536908
0.521424
0.437653
0.441901
0.483869
0.414267
0.327252
0
0.470703
0.594015
0.441867
0.514774
0.648279
0.656337
0.73759
0.610004
0.672462
0.785931
0.6661
0.710748
0.641246
0.740374
0.787925
0.698836
0.650059
0.7918
0.854589
0.625091
0.664092
0.831059
0.718262
0.782284
0.63234
0.841968
0.647153
0.587466
0.48451
0.422943
0.426294
0.497842
0.525661
0.639546
0.715517
0.682444
0.81431
0.889146
1
0.954274
0.857894
0.829457
0.844944
0.777219
0.711664
0.848357
0.725919
0.647254
0.627765
0.599462
0.53404
0.557273
0.479831
0.498274
0.531533
0.671216
0.692678
0.669365
0.566804
0.645792
0.638667
0.450527
0.508044
0.77337
0.591375
0.517033
0.652916
0.773724
0.631092
0.491472
0.448729
0.492103
0.466738
0.390219
0.446268
0.386467
0.39745
0.414544
0.440699
0.399723
0.435095
0.40733
0.483445
0.482121
0.514307
0.535698
0.529335
0.579285
0.577038
0.665038
0.561255
0.602523
0.65695
0.654559
0.667321
0.840025
0.857274
0.821837
0.672567
0.751608
0.885578
0.667103
0.764024
0.757323
0.549986
0.430566
0.62503
0.837541
0.827458
0.774823
0.768363
0.846886
0.876741
0.808204
0.765471
0.7061
0.727152
0.609955
0.608035
0.580061
0.468786
0.430566
0.351666
0.326288
0.329967
0.309179
0.292281
0.313895
0.25458
0.292281
0.292281
0.364284
0.371092
0.434458
0.505391
0.49373
0.52559
0.459129
0.496184
0.534391
0.545618
0.607363
0.508748
0.545933
0.533791
0.517264
0.506885
0.508433
0.515961
0.603624
0.578905
0.632113
0.669403
0.650817
0.673795
0.64973
0.631233
0.603108
0.587132
0.491199
0.579784
0.513686
0.413796
0.351666
0.3619
0.313895
0.304072
0.277134
0.28527
0.277134
0.25458
0.188337
0.235421
0.267305
0.28527
0.292281
0.313895
0.351666
0.397918
0.494819
0.52829
0.590221
0.66617
0.747635
0.754365
0.895192
0.854793
0.865617
0.846214
0.793562
0.717734
0.639445
0.629906
0.51751
0.478801
0.489239
0.573537
0.339484
0.307796
0.368841
0.448458
0.458895
0.517894
0.580893
0.631002
0.599709
0.620987
0.705767
0.671837
0.679472
0.699468
0.751134
0.701364
0.747247
0.74863
0.64779
0.693737
0.779498
0.740524
0.623034
0.614223
0.767045
0.749457
0.623034
0.704696
0.76521
0.62938
0.59785
0.68553
0.750391
0.613033
0.52829
0.634505
0.544907
0.351666
0.48176
0.508804
0.582659
0.685215
0.826405
0.82237
0.653362
0.686042
0.81275
0.846605
0.900205
0.941276
0.808817
0.792827
0.814066
0.763358
0.739869
0.832336
0.668892
0.753937
0.732052
0.674851
0.656451
0.596506
0.598683
0.445125
0.273552
0.279909
0.352235
0.319007
0.349672
0.287133
0.285615
0.269503
0
0.497329
0.473718
0.57606
0.647065
0.624396
0.609769
0.541684
0.540106
0.548503
0.584142
0.603199
0.778501
0.601924
0.493454
0.579637
0.386768
0.495146
0.421092
0.343855
0.548292
0.510749
0.594421
0.612682
0.635925
0.688187
0.65412
0.645986
0.680522
0.618698
0.519075
0.657801
0.615105
0.61153
0.49273
0.386972
0.305646
0.370691
0.438797
0.590103
0.642011
0.462791
0.531748
0.665652
0.749637
0.813211
0.751881
0.659462
0.725769
0.596464
0.524358
0.429244
