0.521843
0.649982
0.674834
0.661792
0.794697
0.867395
0.712074
0.742731
0.833141
0.864142
0.882227
0.832572
0.89847
0.872463
0.855756
0.782489
0.854956
0.964445
0.928647
0.73143
0.869331
0.861809
0.829175
0.851593
0.724372
0.760597
0.822613
0.841199
0.724018
0.717989
0.773472
0.735987
0.616624
0.643049
0.77262
0.741598
0.686911
0.709525
0.73586
0.759362
0.611493
0.572647
0.613836
0.664997
0.773599
0.646891
0.608639
0.571058
0.603563
0.607197
0.506954
0.538687
0.596917
0.595446
0.706951
0.512954
0.433928
0.484022
0.59183
0.716845
0.849322
0.78566
0.726607
0.71976
0.766822
0.79265
0.719457
0.663651
0.707666
0.555868
0.509995
0.49572
0.516691
0.482142
0.492517
0.518715
0.467543
0.517683
0.60398
0.616935
0.796258
0.776065
0.744186
0.684431
0.838052
0.78504
0.766197
0.81331
0.809625
0.719562
0.687777
0.743059
0.722732
0.669618
0.696948
0.708718
0.800343
0.758537
0.657629
0.61951
0.64527
0.588575
0.606629
0.605076
0.52802
0.58813
0.692517
0.564088
0.584965
0.787706
0.690038
0.552919
0.658337
0.684855
0.740489
0.642561
0.727309
0.748753
0.597897
0.649737
0.668561
0.686951
0.568735
0.648255
0.470528
0.464392
0.503406
0.487161
0.56174
0.449382
0.481845
0.600819
0.539739
0.442788
0.403864
0.524316
0.584388
0.477605
0.407919
0.442948
0.425049
0.384269
0.455583
0.486811
0.460981
0.487629
0.542184
0.557587
0.567134
0.570404
0.5263
0.536243
0.625118
0.535234
0.597329
0.595902
0.524292
0.558863
0.534901
0.56491
0.522764
0.595978
0.63218
0.546828
0.623897
0.565819
0.608975
0.594008
0.564682
0.57607
0.529332
0.573848
0.511563
0.481238
0.542108
0.564554
0.608266
0.479859
0.585673
0.666545
0.557423
0.661355
0.542563
0.524885
0.591162
0.565714
0.548904
0.484528
0.441557
0.490853
0.533554
0.518081
0.634868
0.562462
0.569067
0.712415
0.628978
0.579039
0.730027
0.933794
0.745332
0.77434
0.820737
0.835763
0.782785
0.798231
0.787705
0.762142
0.75307
0.721081
0.65573
0.667393
0.642917
0.602764
0.512441
0.523358
0.652946
0.657675
0.657998
0.651479
0.6606
0.598214
0.367505
0
0.385659
0.577696
0.450209
0.591865
0.583236
0.488456
0.522231
0.532121
0.674969
0.81463
0.716674
0.740957
0.828283
0.778859
0.726013
0.799922
0.903798
0.795283
0.859603
0.928863
0.869266
0.686606
0.787445
0.846533
0.896426
0.913962
0.903099
0.910294
0.953933
0.778084
0.822775
0.844983
0.9433
0.887018
0.868252
0.809163
0.814828
0.729644
0.648221
0.674413
0.633384
0.839775
0.698023
0.598043
0.555536
0.602971
0.625739
0.736609
0.78304
0.83016
0.755358
0.772301
0.871566
0.899929
0.866316
0.935851
0.955031
0.816584
0.984498
1
0.876923
0.835174
0.877064
0.785655
0.629051
0.709716
0.68824
