0.205958
0.257448
0.332522
0.292315
0.417169
0.408181
0.469717
0.659884
0.697669
0.719129
0.681017
0.737913
0.809864
0.908005
0.694946
0.848856
0.718049
0.763115
0.669739
0.735233
0.784919
0.756123
0.728949
0.702182
0.695054
0.589735
0.583818
0.570346
0.476865
0.483107
0.389945
0.413439
0.377008
0.375344
0.394605
0.461256
0.391141
0.381848
0.32574
0.401626
0.399682
0.412206
0.462742
0.438619
0.429166
0.517334
0.562723
0.637058
0.627766
0.715617
0.630798
0.640239
0.610604
0.717085
0.624086
0.656448
0.673634
0.74031
0.73785
0.665311
0.584017
0.616135
0.603494
0.62025
0.638672
0.567456
0.456299
0.529225
0.579924
0.506094
0.460245
0.607933
0.617967
0.657696
0.597701
0.685581
0.748136
0.70588
0.717736
0.731889
0.787985
0.705247
0.677298
0.733037
0.769801
0.758539
0.787281
0.819361
0.813497
0.838431
0.794777
0.695003
0.630929
0.579011
0.623225
0.529094
0.434077
0
0.320875
0.386114
0.426319
0.568384
0.511998
0.623572
0.396441
0.474615
0.461738
0.56553
0.523096
0.381167
0.612667
0.610725
0.663588
0.687578
0.691005
0.755247
0.778037
0.766063
0.764123
0.833062
0.571831
0.497152
0.442223
0.51277
0.685171
0.638088
0.781178
0.862493
0.610701
0.663571
0.89373
0.867939
0.892574
0.657315
0.637265
0.519711
0.45933
0.463055
0.388555
0
0.463332
0.318572
0.370459
0.364375
0.374938
0.387461
0.379042
0.349837
0.39861
0.354557
0.356262
0.363853
0.42067
0.508776
0.450691
0.508426
0.450051
0.404177
0.370337
0.46388
0.495666
0.469956
0.460398
0.505772
0.672988
0.757495
0.745857
0.780897
0.721399
0.716712
0.847742
0.961618
0.820112
0.689719
0.591143
0.626098
0.535935
0.561979
0.578289
0.572018
0.537312
0.620749
0.437153
0.352685
0.461122
0.433386
0.515697
0.437063
0.495137
0.575709
0.567643
0.552074
0.624298
0.658097
0.670371
0.721398
0.821036
0.816094
0.728601
0.67332
0.826745
0.845125
0.776639
0.689997
0.849517
0.794775
0.693269
0.745556
0.859457
0.900073
0.839741
0.823382
0.877326
0.902098
0.765419
0.864771
0.834408
0.828752
0.862709
0.885682
0.675817
0.738303
0.648358
0.653729
0.570754
0.449763
0.468539
0.397596
0.412174
0.390277
0.373818
0.359842
0.39078
0.347446
0.382047
0.377934
0.346115
0.416163
0.562277
0.590214
0.769543
0.785558
0.787191
0.908744
0.691487
0.877217
0.836505
0.9226
0.87917
0.879332
0.850689
0.825987
0.846263
0.778347
0.705263
0.636812
0.687909
0.5384
0.483721
0.67692
0.724652
0.732619
0.675243
0.758397
0.795522
0.926458
0.664844
0.903903
0.735504
0.792667
0.688893
0.794151
0.807891
0.784828
0.746753
0.730427
0.689298
0.569877
0.602614
0.514759
0.447054
0.444385
0.381602
0.392731
0.370546
0.369289
0.4021
0.471749
0.377788
0.395831
0.362949
0.407464
0.370032
0.389594
0.406759
0.387096
0.382038
0.461017
0.504706
0.597359
0.547276
0.665754
0.613141
0.600325
0.624368
0.808051
0.641432
0.660045
0.687128
0.76669
0.756368
0.701399
0.642254
0.630879
0.61431
0.59719
0.648788
0.548852
0.453803
0.526196
0.56203
0.475596
0.45566
0.59591
0.602795
0.636039
0.599317
0.716688
0.756039
0.728504
0.74553
0.742937
0.782797
0.74587
0.699672
0.764872
0.818168
0.811373
0.832275
0.912586
0.845167
0.861343
0.808249
0.711867
0.625389
0.563281
0.57465
0.498503
0.392757
0
0.302465
0.358114
0.37849
0.572562
0.470574
0.539323
0.35062
0.421143
0.435232
0.519663
0.491454
0.355955
0.567673
0.583277
0.656262
0.71017
0.651504
0.692204
0.809299
0.752194
0.748898
0.805703
0.611576
0.531612
0.545104
0.578676
0.644903
0.65432
0.809071
0.84115
0.621382
0.701768
0.884678
0.922882
0.836097
0.695184
0.646379
0.506246
0.439957
0.448172
0.378455
0
0.442905
0.339292
0.350586
0.415727
0.483468
0.435825
0.476856
0.414276
0.39153
0.349694
0.452048
0.429595
0.404888
0.467431
0.498434
0.664343
0.744947
0.778977
0.807376
0.739483
0.757823
0.875091
0.90691
0.851396
0.67918
0.584288
0.596948
0.529847
0.584571
0.587022
0.576117
0.48436
0.578014
0.440171
0.362784
0.437017
0.402483
0.473625
0.416212
0.459633
0.542254
0.525369
0.53674
0.585873
0.613215
0.624267
0.663996
0.749088
0.786932
0.788167
0.746327
0.89322
0.883513
0.839358
0.732435
0.834092
0.821199
0.719667
0.746599
0.829814
0.910368
0.861159
0.826319
0.871899
0.881411
0.787527
0.845484
0.818157
0.833372
0.779973
0.832046
0.653784
0.71405
0.654543
0.65696
0.571591
0.508573
0.515181
0.45155
0.404237
0.408957
0.379274
0.386144
0.400651
0.376305
0.362986
0.416271
0.42068
0.407473
0.55545
0.577234
0.716804
0.677144
0.623673
0.792828
0.724013
0.991108
0.959125
0.999901
1
0.922088
0.910964
0.887968
0.866047
0.835398
0.735962
0.655797
0.695246
