0.541564
0.699218
0.787213
0.904993
0.732787
0.782363
0.682123
0.814322
0.723526
0.799079
0.864773
0.85114
0.779477
0.733937
0.797823
0.67862
0.758772
0.649176
0.594411
0.473736
0.450506
0.456388
0.381299
0.358283
0.406025
0.416483
0.336455
0.324583
0.354705
0.432528
0.58444
0.393638
0.491132
0.517122
0.523113
0.628295
0.611674
0.633897
0.586457
0.626456
0.660509
0.635938
0.652124
0.676933
0.682446
0.733355
0.725492
0.769132
0.797159
0.765321
0.729654
0.740095
0.716672
0.658375
0.724166
0.597648
0.621487
0.695284
0.684521
0.547187
0.553531
0.659947
0.577568
0.716436
0.690049
0.668173
0.687048
0.731682
0.732199
0.734956
0.780533
0.750697
0.684553
0.669281
0.739712
0.762957
0.800396
0.84038
0.815573
0.821413
0.79306
0.728026
0.635446
0.619079
0.587095
0.604847
0.547112
0
0.279054
0.279256
0.297243
0.381269
0.454966
0.537958
0.421169
0.493873
0.549958
0.5521
0.455299
0.475689
0.649481
0.6314
0.579404
0.583589
0.718882
0.648795
0.667927
0.699142
0.682011
0.734889
0.727997
0.678501
0.655225
0.69569
0.743216
0.666543
0.747792
0.754014
0.726361
0.694226
0.87203
0.928582
0.812086
0.72206
0.677273
0.638535
0.577402
0.539477
0.429449
0
0.446288
0.539762
0.595565
0.564676
0.523018
0.629432
0.737071
0.762714
0.889895
0.772622
0.691937
0.549599
0.511462
0.367449
0.278976
0.367217
0.300673
0.389837
0.422293
0.437926
0.499054
0.541103
0.556528
0.511783
0.643131
0.700011
0.652514
0.751983
0.793417
0.72759
0.698569
0.789782
0.82906
0.69139
0.718894
0.798095
0.782559
0.677927
0.754284
0.854543
1
0.918371
0.948644
0.914703
0.838594
0.840456
0.812196
0.733994
0.745601
0.734039
0.779059
0.720545
0.695745
0.717866
0.632967
0.513482
0.474172
0.427865
0.389752
0.629154
0.60694
0.582127
0.776962
0.661396
0.686944
0.60701
0.798126
0.847596
0.90684
0.918122
0.913852
0.851932
0.734992
0.710004
0.675052
0.640223
0.619571
0.830072
0.689056
0.776302
0.565411
0.7
0.790881
0.876137
0.728595
0.763624
0.671461
0.790861
0.695861
0.788882
0.814868
0.807673
0.788815
0.744572
0.792876
0.710576
0.671786
0.702434
0.607316
0.66843
0.578315
0.581289
0.520414
0.47696
0.413282
0.3992
0.395835
0.325679
0.364802
0.506236
0.563577
0.447685
0.489802
0.51402
0.523362
0.61955
0.591462
0.732837
0.649849
0.631402
0.681884
0.706787
0.704861
0.695813
0.693307
0.715892
0.714707
0.761405
0.781404
0.755075
0.705653
0.773674
0.748155
0.664755
0.688554
0.644465
0.636806
0.709547
0.768764
0.628801
0.586819
0.594813
0.622137
0.630678
0.675692
0.667072
0.729941
0.691069
0.688124
0.735148
0.778261
0.734965
0.67407
0.649187
0.749338
0.746486
0.767017
0.858415
0.796663
0.80615
0.800033
0.741825
0.696702
0.6562
0.645871
0.601728
0.543819
0
0.310774
0.343916
0.348121
0.435545
0.47561
0.550737
0.443222
0.577692
0.598589
0.70486
0.600861
0.430133
0.635315
0.559009
0.56547
0.593574
0.649671
0.672818
0.669475
0.706011
0.689895
0.779278
0.699558
0.672228
0.678005
0.678085
0.736539
0.652512
0.753233
0.799284
0.651983
0.625945
0.849204
0.835299
0.775383
0.649176
0.608742
0.536332
0.458888
0.552824
0.465394
0
0.346753
0.435528
0.611364
0.634858
0.674476
0.595274
0.651721
0.781866
0.766554
0.711562
0.57838
0.601259
0.5912
0.601051
0.407244
0.422109
0.373048
0.290398
0.326946
0.410616
0.55011
0.47773
0.527647
0.644957
0.66197
0.60114
0.484847
0.672193
0.686367
0.66184
0.712656
0.812418
0.71445
0.740442
0.843947
0.80168
0.6447
0.674073
0.767189
0.770584
0.722014
0.791418
0.876683
0.896431
0.819921
0.890526
0.928969
0.869358
0.817028
0.810547
0.766648
0.817445
0.723156
0.799725
0.745443
0.697568
0.708133
0.647131
0.55289
0.443489
0.390905
0.417414
0.584137
0.619267
0.603347
0.714591
0.666935
0.767939
0.691797
0.795054
0.781485
0.818025
0.854937
0.746346
0.757347
0.694294
0.725414
0.677609
