0.787876
0.786572
0.769662
0.774906
0.820268
0.717995
0.796633
0.967324
0.898285
0.842665
0.917978
0.79017
0.861316
0.872015
0.958219
0.813428
0.803462
0.791889
0.787992
0.78387
0.797324
0.780946
0.911011
0.949046
0.971034
0.897145
0.855765
0.835008
0.711314
0.775832
0.745301
0.766902
0.759098
0.768743
0.81268
0.818896
0.788509
0.845247
0.798084
0.762009
0.849272
0.821899
0.846819
0.817046
0.833817
0.841631
0.855968
0.773766
0.791836
0.834885
0.833558
0.784221
0.753118
0.765317
0.887441
0.880327
0.838512
0.717015
0.79759
0.83289
0.686954
0.697817
0.846426
0.736406
0.732735
0.707004
0.792012
0.823468
0.703955
0.663949
0.657394
0.807456
0.635052
0.585161
0.824421
0.709507
0.656853
0.772513
0.908888
0.813421
0.825953
0.717051
0.644598
0.504493
0.832793
0.613687
0.66834
0.861585
1
0.617268
0.444994
0
0.485116
0.576537
0.540674
0.612752
0.509977
0.613558
0.590257
0.567128
0.539401
0.687814
0.649895
0.750715
0.750141
0.622528
0.775252
0.833489
0.799861
0.763209
0.750383
0.839832
0.685492
0.630308
0.659283
0.7466
0.681027
0.752491
0.852689
0.760825
0.730506
0.738974
0.535233
0.677239
0.594611
0.528597
0.638311
0.658254
0.786113
0.677524
0.781421
0.842312
0.688589
0.741481
0.97971
0.812014
0.750497
0.802724
0.860727
0.792043
0.812437
0.783169
0.775021
0.769735
0.820258
0.838102
0.901265
0.85757
0.743949
0.875961
0.915431
0.808058
0.796076
0.911391
0.891391
0.823268
