0.389914
0.441043
0.520874
0.651667
0.574848
0.616653
0.652916
0.62304
0.729249
0.811688
0.820018
0.783548
0.766585
0.865875
0.720763
0.630075
0.68242
0.690089
0.656679
0.591652
0.644466
0.740231
0.608466
0.583128
0.520476
0.459569
0.52831
0.517606
0.491582
0.597562
0.551659
0.638393
0.620525
0.606987
0.613675
0.588048
0.626599
0.707474
0.681342
0.613768
0.664029
0.611067
0.591646
0.549465
0.532822
0.53525
0.481525
0.421498
0.4346
0.453905
0.542959
0.512037
0.606191
0.686138
0.648122
0.665899
0.680799
0.631855
0.634071
0.622802
0.634753
0.646483
0.622622
0.715194
0.676433
0.567972
0.506065
0.540609
0.594767
0.533582
0.458178
0.499673
0.41055
0.438885
0.432192
0.446209
0.564282
0.484452
0.549221
0.657362
0.687988
0.701028
0.679299
0.685425
0.745172
0.768144
0.802743
0.718361
0.713378
0.757214
0.812885
0.737094
0.683104
0.699619
0.68029
0.685367
0.628883
0.70385
0.633573
0.650978
0.606265
0.567312
0.572261
0.521556
0.523025
0.529155
0.532261
0.578678
0.62504
0.688122
0.743388
0.731144
0.697913
0.651182
0.663017
0.660426
0.529873
0.61789
0.572619
0.687562
0.625548
0.583366
0.706168
0.675177
0.591477
0.628119
0.715986
0.755619
0.806161
0.867836
0.844199
0.768695
0.873773
0.880646
0.865605
0.726942
0.854836
0.889092
0.761374
0.834231
0.777141
0.716442
0.602664
0.675658
0.848311
0.799377
0.660412
0.706294
0.759236
0.782602
0.765853
0.583557
0.367191
0.425306
0
0.400337
0.580508
0.627458
0.497293
0.437037
0.524165
0.612386
0.669115
0.5975
0.65189
0.604847
0.596199
0.778688
0.587219
0.715133
0.541885
0.450214
0.598769
0.535521
0.595664
0.644254
0.502825
0.630928
0.509713
0.569258
0.659145
0.65982
0.67385
0.60379
0.53568
0.487305
0.515468
0.458667
0.606772
0.428037
0.512982
0.443712
0.538957
0.595227
0.623822
0.624951
0.528619
0.58466
0.689385
0.67148
0.625225
0.663029
0.700693
0.621061
0.598714
0.513365
0.462041
0.479164
0.571884
0.785408
0.686142
0.567356
0.585105
0.645461
0.606911
0.51344
0.647411
0.698512
0.647531
0.66039
0.860188
0.801066
0.738136
0.743255
0.81795
0.856658
0.687273
0.727458
0.620099
0.629204
0.847084
0.778365
0.676385
0.658978
0.597983
0.605985
0.479957
0.570893
0.752484
0.760291
0.724607
0.724809
0.655551
0.621879
0.619884
0.652652
0.701285
0.634717
0.639414
0.67023
0.655159
0.687184
0.759468
0.810295
0.668172
0.685179
0.710416
0.691212
0.735028
0.778053
0.706395
0.665299
0.562561
0.696062
0.622236
0.632412
0.571234
0.654084
0.699968
0.661203
0.620527
0.731477
0.722793
0.628165
0.655808
0.577248
0.569965
0.681755
0.588128
0.692467
0.658688
0.672714
0.748865
0.832082
0.79892
0.74381
0.737766
0.829431
0.823515
0.722453
0.791033
0.847064
0.951834
0.927301
0.972639
0.936417
0.858391
0.9802
1
0.795172
0.811154
0.869062
0.776203
0.646084
0.633655
0.748337
0.815177
0.683442
0.740699
0.666976
0.673664
0.880572
0.875423
0.766996
0.745045
0.918786
0.90187
0.856124
0.780788
0.973836
0.863286
0.986108
0.903434
0.696639
0.745778
0.894198
0.778805
0.75837
0.802558
0.663243
0.683806
0.549945
0.57962
