0.932219
0.902582
0.913369
0.84984
0.827377
0.785916
0.764618
0.680592
0.627936
0.639606
0.735736
0.718181
0.747925
0.799247
0.727194
0.666867
0.656835
0.704115
0.677512
0.667411
0.68308
0.661538
0.6603
0.661821
0.737712
0.709696
0.727868
0.718397
0.718488
0.66638
0.703717
0.726445
0.703184
0.730656
0.715528
0.679907
0.728903
0.725245
0.765317
0.694876
0.672117
0.597801
0.643458
0.778349
0.863441
0.854776
0.805035
0.83367
0.646476
0.669634
0.517492
0.43131
0.486965
0.549083
0.668004
0.70285
0.63984
0.710398
0.611724
0.721789
0.857539
0.746683
0.701124
0.720482
0.731938
0.745426
0.724131
0.697502
0.764813
0.740916
0.802785
0.826733
0.928099
0.975315
0.913504
0.817863
0.865764
0.791533
0.745711
0.697255
0.626417
0.485092
0.594528
0.627177
0.631139
0.613754
0.541807
0.422015
0
0.497761
0.551141
0.63813
0.815832
0.911258
0.961342
0.917758
0.928111
0.849803
0.916902
0.84001
0.862745
0.992009
0.874406
0.782316
0.883387
0.982989
0.957917
0.982044
0.942791
1
0.869691
0.859796
0.840373
0.859387
0.844206
0.826639
0.815942
0.809212
0.813072
0.732199
0.750546
0.66259
0.640003
0.685683
0.722829
0.691195
0.607965
0.616716
0.653995
0.627763
0.620923
0.5936
0.618831
0.66804
0.606513
0.624822
0.590891
0.602933
0.601717
0.778011
0.807192
0.87114
0.888851
0.743135
0.704307
0.823261
0.87756
0.753452
0.657622
0.792122
0.806279
0.688134
0.783512
0.819344
0.729493
0.75485
0.740123
0.798736
0.737593
0.688466
