0.49661
0.59008
0.588858
0.505442
0.532751
0.63621
0.640979
0.609242
0.61689
0.554258
0.66515
0.637697
0.688331
0.627012
0.748565
0.729426
0.786535
0.708685
0.647449
0.696424
0.569049
0.619723
0.703956
0.698249
0.649025
0.731899
0.747209
0.730811
0.721829
0.719055
0.67103
0.727769
0.702104
0.655237
0.812602
0.790378
0.785463
0.661044
0.489682
0.513486
0.545962
0.628464
0.578598
0.575832
0.61537
0.625368
0.72236
0.603098
0.543612
0.500409
0.594277
0.605644
0.637458
0.62066
0.708333
0.755535
0.641921
0.615248
0.691535
0.610024
0.578818
0.614935
0.593439
0.762169
0.827904
0.775139
0.796787
0.718779
0.682654
0.753998
0.662396
0.624011
0.61027
0.519157
0.630301
0.482391
0.786309
0.628261
0.596642
0.864048
0.837671
0.801639
0.800579
0.740419
0.629294
0.550883
0.605351
0.51621
0.692159
0.591106
0.71725
0.765411
0.752947
0.719939
0.696613
0.765244
0.776507
0.770058
0.735863
0.739706
0.7288
0.778191
0.822857
0.7593
0.675991
0.779858
0.804266
0.793405
0.718953
0.75099
0.742507
0.724383
0.804624
0.820088
0.773671
0.870363
0.820866
0.863453
0.768609
0.730254
0.62827
0.593606
0.33977
0
0.419521
0.761847
0.745634
0.65787
0.761406
0.860521
0.847019
0.901622
0.769813
0.856792
0.845285
0.836961
0.786527
0.764485
0.714198
0.910095
0.893636
0.830391
0.831288
0.811875
0.746354
0.718769
0.574414
0.512081
0.461728
0.514444
0.845571
0.846718
0.913454
0.813861
0.599334
0.530696
0.481093
0.648827
0.632506
0.623265
0.667939
0.722548
0.688014
0.63223
0.597022
0.742152
0.6974
0.579982
0.59152
0.534004
0.594003
0.623384
0.678654
0.69809
0.765142
0.788695
0.705566
0.74159
0.677736
0.656033
0.531291
0.562742
0.816522
0.659865
0.747168
0.790773
0.822386
0.830682
0.829327
1
0.832294
0.900878
0.872489
0.900375
0.902632
0.815903
0.783561
0.741362
0.795031
0.769576
0.811097
0.767036
0.817968
0.840237
0.805451
0.850382
0.662061
0.732529
0.322346
0.259569
0.416128
0.283442
0.369841
0.447182
0.317351
0.441377
0.482838
0.522515
0.448102
0.354206
0.38009
0.465283
0.335884
0.264163
0.267175
0.391701
0.363867
0
0.224323
0.41644
0.420534
0.358759
0.351843
0.599842
0.488008
0.43112
0.525238
0.785306
0.63623
0.555177
0.636031
0.866188
0.735225
0.664098
0.747174
0.787203
0.821157
0.691099
0.822104
0.788237
0.715064
0.672807
0.67193
0.455257
0.546438
0.509134
0.429216
0.498689
0.321699
0
0.275408
0.513714
0.408058
0.474536
0.497489
0.556124
0.59509
0.705566
0.710081
0.661683
0.735038
0.7203
0.638628
0.637266
0.709615
0.754479
0.720659
0.678979
0.742567
0.83239
0.736869
0.639826
