0.425092
0.456785
0.498837
0.474373
0.445511
0.40132
0.334252
0.390702
0.369162
0.359248
0.312952
0.322277
0.32076
0.439635
0.421249
0.618177
0.644918
0.584469
0.600334
0.53444
0.446293
0.416105
0.40593
0.415056
0.409364
0.534483
0.428793
0.577229
0.534781
0.385494
0.356503
0.361661
0.370412
0.359752
0.359802
0.397964
0.393888
0.356854
0.365966
0.343818
0.337674
0.314599
0.302708
0.344712
0.32471
0.270962
0.267421
0.298602
0.235921
0.205363
0.221121
0.249863
0.255756
0.276918
0.299646
0.292212
0.298353
0.357033
0.356522
0.345072
0.367113
0.374723
0.360355
0.363312
0.331611
0.31847
0.352092
0.394613
0.360554
0.333287
0.349066
0.377155
0.368503
0.350678
0.346742
0.332258
0.343973
0.409779
0.378378
0.354764
0.34019
0.334245
0.335191
0.322054
0.276597
0.25301
0.294798
0.25744
0.320436
0.262658
0.304666
0.345017
0.297858
0.319597
0.341722
0.461609
0.52997
0.449256
0.535731
0.540563
0.535139
0.518694
0.680558
0.535256
0.722606
0.72301
0.756861
0.636076
0.630249
0.625822
0.608123
0.574545
0.547935
0.423213
0.448066
0.550032
0.640254
0.537588
0.528607
0.361114
0.502627
0.491836
0.4476
0.488304
0.400649
0.350508
0.412402
0.473019
0.458524
0.469435
0.454784
0.448878
0.452347
0.453208
0.425589
0.365028
0.313728
0.317241
0.32576
0.458561
0.509229
0.491253
0.479717
0.474713
0.463939
0.510938
0.478669
0.454908
0.45706
0.507937
0.489173
0.472766
0.45088
0.330007
0.312637
0.519709
0.377181
0.469312
0.676188
0.648129
0.71826
0.708798
0.665234
0.758582
0.467663
0.720958
0.725222
0.500107
0.317567
0.466396
0.304925
0
0.399606
0.517065
0.353449
0
0.37825
0.491242
0.411357
0.445281
0.429169
0.419918
0.310858
0.34376
0.454092
0.490368
0.535181
0.512195
0.480028
0.453887
0.423419
0.405278
0.407502
0.419321
0.503572
0.407597
0.526777
0.527905
0.65187
0.51979
0.613593
0.591641
0.739703
0.574302
0.412997
0.366709
0.446452
0.378736
0.564191
0.562997
0.549077
0.508801
0.540965
0.647663
0.616229
0.595727
0.698401
0.769195
0.756907
0.879712
0.744549
0.590497
0.5331
0.455707
0.43457
0.475886
0.419772
0.436013
0.512996
0.5198
0.554587
0.57885
0.55035
0.562376
0.499604
0.434924
0.510413
0.592721
0.483323
0.590403
0.458063
0.536208
0.403732
0.378798
0.303567
0.254728
0.283767
0.34334
0.359541
0.363265
0.368009
0.42911
0.350957
0.432928
0.579664
0.578714
0.580067
0.371023
0.381076
0.386903
0.411443
0.352219
0.330913
0.364833
0.44426
0.391289
0.301807
0.419574
0.598736
0.623118
0.54235
0.570652
0.663957
0.576645
0.584324
0.739467
0.72837
0.896103
0.857841
0.710343
0.865112
0.900911
0.727067
0.739418
0.901161
0.716489
0.590825
0.669542
0.786297
0.65201
0.719528
0.930527
0.756962
0.744659
0.680385
0.815491
0.817131
0.786569
0.796658
1
0.946991
0.740762
0.755705
0.964796
0.873455
0.763724
0.730321
0.810487
0.664825
0.440807
0.677956
0.664645
0.531521
0.495327
0.503107
0.419734
0.348151
0.352724
0.407264
0.516582
0.554284
0.42023
0.385545
0.360673
0.36957
0.386067
0.346196
0.380649
0.498199
0.611382
0.527697
0.503606
0.447697
0.397935
0.348049
0.439679
0.353208
0.346873
0.35338
0.438716
0.392956
0.531813
0.423914
0.317634
0.487885
0.50767
0.507779
0.522152
0.397373
0.590288
0.563701
0.264088
0
0
0.294153
0.475401
0
0.244398
0.562912
0.278162
0.33445
0.353381
0.34695
0.343827
0.390755
0.593571
0.500257
0.388201
0.405021
0.335616
0.42721
0.352097
0.330384
0.271912
0.408044
0.475196
0.351446
0.352197
0.448519
0.417433
0.461847
0.567113
0.437826
0.453942
0.465852
0.599813
0.496666
0.696939
0.650335
0.567879
0.597848
0.752431
0.599621
0.51887
0.515794
0.704265
0.418396
0.441943
0.508432
0.569202
0.553035
0.573741
0.46691
0.517859
0.551045
0.516393
0.365967
0.380735
0.393049
0.320216
0.331578
0.304905
0.250881
0.336514
0.25082
0.199361
0.30089
0.393133
0.325987
0.318902
0.500133
0.482713
0.455007
0.380356
0.50015
0.489414
0.522685
0.425886
0.433352
0.494362
0.500939
0.529092
0.507905
0.456741
0.437989
0.519693
0.426172
0.330344
0.281791
0.255322
0.406426
0.332693
0.455691
0.520093
0.436853
0.518785
0.572918
0.588346
0.477185
0.496445
0.503825
0.474475
0.502546
0.406145
0.362595
0.497862
0.594408
0.471747
0.493864
0.520299
0.469516
0.46248
0.522028
0.542431
0.452943
0.50634
0.463562
0.479676
0.431302
0.456556
0.506362
0.381168
0.413987
0.518624
0.414443
0.271938
0.348895
0.476471
0.53363
0.461866
0.689224
0.577893
0.412844
0.529365
0.667163
0.621172
0.698452
0.714469
0.495665
0.422978
0.439431
0.410283
0.336805
0.30248
0
0.277426
0.396501
0.344007
0
0.208331
0.372634
0.282149
0.297696
0.355518
0.416821
0.500188
0.515642
0.668691
0.55735
0.586351
0.516924
0.406151
0.673484
0.629301
0.61398
0.646558
0.712883
0.831745
0.910259
0.897857
0.782692
0.608854
0.669867
0.733491
0.696929
0.571521
0.766946
0.857148
0.592136
0.531229
0.742318
0.718322
0.658339
0.716099
0.723091
0.706171
0.896052
0.783095
0.670143
0.708825
0.821783
0.514488
0.526876
0.665098
0.818491
0.606834
0.74332
0.595304
0.537008
0.482388
0.545805
0.464421
0.412253
0.434774
0.495449
0.476674
0.449489
0.409374
0.356153
0.397366
0.361934
0.35449
0.30427
0.29818
0.305016
0.456505
0.416857
0.570528
0.670752
0.604077
0.625577
0.496842
0.439291
0.458792
0.425492
0.434549
0.431168
0.559804
0.421219
0.505893
0.476058
0.363771
0.340266
0.343875
0.355648
0.342717
0.361614
0.400428
0.383292
0.348605
0.350542
0.335429
0.327579
0.266521
0.242406
0.308727
0.271439
0.221983
0.20024
0.220421
0.201493
0.179615
0.203883
0.247862
0.249891
0.261477
0.278747
0.282268
0.303809
0.356669
0.325268
0.344934
0.370829
0.360236
0.350305
0.366525
0.336412
0.337431
0.366022
0.397778
0.370742
0.341961
0.359294
0.372626
0.360386
0.36765
0.368158
0.357631
0.3739
0.418743
0.413388
0.327265
0.340766
0.35865
0.364352
0.277778
0.244221
0.29613
0.303076
0.237514
0.251526
0.251183
0.284948
0.332815
0.305877
0.311761
0.380673
0.517932
0.532236
0.446895
0.538444
0.550559
0.521848
0.506677
0.677372
0.538669
0.657275
0.721699
0.827394
0.635463
0.693606
0.627016
0.586032
0.59716
0.506913
0.409201
0.439817
0.504701
0.611622
0.510772
0.514936
0.371023
0.494624
0.47798
0.453758
0.453255
0.38647
0.335031
0.403292
0.456177
0.462647
0.468471
0.442046
0.451088
0.458064
0.457186
0.41377
0.356982
0.288628
0.300087
0.298326
0.447336
0.509352
0.445606
0.445262
0.42238
0.465807
0.50755
0.458062
0.43133
0.457579
0.498818
0.465169
0.436347
0.46465
0.349711
0.328566
0.519163
0.37861
0.468543
0.681416
0.595556
0.685842
0.696614
0.604797
0.721378
0.451727
0.685019
0.630305
0.453223
0.310262
0.426702
0.281798
0
0.369229
0.479007
0.337353
0
0.363997
0.484507
0.412893
0.424044
0.462345
0.429045
0.344005
0.307345
0.454308
0.471706
0.488555
0.472536
0.491414
0.448093
0.41553
0.391767
0.402012
0.401562
0.504614
0.409077
0.540834
0.550963
0.648619
0.491303
0.581326
0.559402
0.733378
0.531303
0.381694
0.344168
0.422965
0.386515
0.517448
0.555287
0.544075
0.514628
0.516396
0.628945
0.619169
0.549897
0.643524
0.72558
0.734697
0.823032
0.722822
0.631675
0.54109
0.490934
0.446941
0.466468
0.417779
0.448886
0.517797
0.540361
0.567323
0.557994
0.565514
0.556406
0.444013
0.420515
0.549229
0.585988
0.502299
0.599375
0.444802
0.47271
0.353324
0.342153
0.286203
0.244637
0.272661
0.321766
0.327773
0.307222
0.350199
0.402364
0.344254
0.447976
0.535307
0.562091
0.547206
0.353344
0.33142
0.349879
0.368932
0.331463
0.344457
0.373911
0.426763
0.360795
0.300925
0.416791
0.585023
0.584324
0.494059
0.546555
0.601025
0.676901
0.625538
0.700879
0.802658
0.851848
0.804269
0.739051
0.940676
0.875634
0.757223
0.793993
0.932379
0.69477
0.638723
0.703839
0.802785
0.671527
0.732475
0.900612
0.718876
0.689521
0.671499
0.793028
0.792774
0.771419
0.794461
0.963221
0.925074
0.732625
0.793248
0.925208
0.839065
0.744258
0.711941
0.73155
0.62558
0.432598
0.64632
0.64194
0.492855
0.471389
0.510301
0.42952
0.343298
0.347676
0.403516
0.525681
0.546663
0.437744
0.399946
0.379902
0.368335
0.392749
0.347633
0.370464
0.47218
0.591599
0.505775
0.493113
0.45063
0.429754
0.35078
0.451146
0.358975
0.358845
0.356288
0.444463
0.426794
0.536252
0.438776
0.334036
0.493652
0.547465
0.528797
0.518807
0.377854
0.630585
0.552745
0.237899
0
0
0.301118
0.409067
0
0.224725
0.492075
0.23904
0.31151
0.340259
0.337437
0.346589
0.375767
0.588518
0.541009
0.430126
0.408513
0.322967
0.431284
0.3598
0.304154
0.270901
0.380042
0.429724
0.335952
0.31996
0.415931
0.397979
0.423659
0.538845
0.444544
0.493846
0.491294
0.62361
0.529557
0.642181
0.613691
0.571868
0.551011
0.693544
0.622413
0.553261
0.523101
0.69501
0.408619
0.42958
0.46722
0.528311
0.526918
0.638485
0.446702
0.495069
0.469647
0.475673
0.361597
0.385663
0.35953
0.320839
0.304452
0.267885
0.214949
0.311321
0.244171
0.209052
0.316091
0.384886
0.31775
0.311356
0.402184
0.425743
0.455204
0.374088
0.483099
0.440136
0.461933
0.388941
0.396543
0.440372
0.491599
0.490254
0.486018
0.45898
0.43644
0.482527
0.39141
0.32339
0.275248
0.251014
0.420162
0.331109
0.41167
0.456394
0.396695
0.497632
0.532142
0.575766
0.426552
0.469502
0.491984
0.452329
0.497066
0.439204
0.356223
0.531316
0.582062
0.504249
0.472694
0.491675
0.469587
0.450449
0.498669
0.509058
0.432475
0.450501
0.44319
0.478118
0.400133
0.428235
0.484264
0.342117
0.414796
0.471614
0.397492
0.259655
0.341475
0.47937
0.473466
0.442054
0.659633
0.54922
0.393261
0.531419
0.67549
0.597078
0.652917
0.658223
0.484073
0.391499
0.416643
0.383876
0.320434
0.244252
0
0.25694
0.349175
0.312103
0
0.191214
0.405119
0.304704
0.304235
0.365821
0.434147
0.514436
0.559649
0.65467
0.586641
0.642775
0.540023
0.434591
0.663639
0.628266
0.677843
0.691088
0.745954
0.79923
0.88688
0.875284
0.784271
0.605149
0.645347
0.717488
0.662124
0.558705
0.749641
0.825921
0.579547
0.525549
0.707106
0.672691
0.628058
0.694672
0.700898
0.780391
0.825573
0.750471
0.725441
0.789899
0.765643
0.52429
0.520811
0.645099
0.72663
0.528946
0.689871
0.547424
0.522326
0.481183
0.490109
