0.563574
0.733373
0.745318
0.85451
0.717711
0.736211
0.797563
0.776597
0.700012
0.665849
0.78428
0.732589
0.709805
0.678399
0.700488
0.756566
0.704751
0.652817
0.686509
0.759179
0.655763
0.58363
0.568984
0.631336
0.624887
0.624887
0.622703
0.651457
0.701935
0.759456
0.740353
0.777701
0.738139
0.680685
0.635251
0.605445
0.585953
0.514682
0.501757
0.604726
0.640342
0.705619
0.674792
0.750552
0.741369
0.696176
0.638674
0.596153
0.597369
0.60098
0.730174
0.643293
0.641548
0.637748
0.634938
0.698294
0.686255
0.783322
0.588406
0.611683
0.510117
0.723725
0.728749
0.66102
0.676124
0.656196
0.634527
0.661103
0.597543
0.660304
0.771716
0.716406
0.667912
0.750848
0.725037
0.663388
0.754403
0.69885
0.690561
0.702095
0.767948
0.709256
0.608876
0.557601
0.516167
0.49648
0.600644
0.676556
0.554297
0.544048
0.525932
0.520639
0.503621
0.534402
0.539292
0.654777
0.599871
0.678597
0.64295
0.623704
0.650446
0.701727
0.68601
0.718888
0.693056
0.719724
0.682928
0.64586
0.704957
0.646513
0.62437
0.685946
0.663485
0.635553
0.610355
0.477367
0.534402
0.507567
0.488912
0.474932
0.511414
0.550215
0.520639
0.4954
0.556183
0.58363
0.518836
0.49327
0.553326
0.534402
0.499568
0.497499
0.479757
0.536047
0.622703
0.623797
0.621604
0.573079
0.515168
0.503621
0.467338
0.434381
0.434381
0.427139
0.427139
0.4954
0.577096
0.559099
0.568984
0.588722
0.540893
0.513302
0.474932
0.462003
0.434381
0.444374
0.430825
0.456422
0.401388
0.345027
0.332791
0.355156
0.378565
0.406222
0.44751
0.459245
0.484412
0.499568
0.488912
0.509503
0.459245
0.568984
0.474932
0.491108
0.453528
0.345027
0.406222
0.491108
0.636597
0.54248
0.462003
0.46992
0.430825
0.415162
0.472451
0.499568
0.652817
0.606881
0.689361
0.672884
0.711475
0.676425
0.656739
0.644818
0.578419
0.557646
0.560541
0.548694
0.501609
0.482104
0.415162
0.474932
0.390794
0.396261
0.355156
0.316948
0.355156
0.396261
0.410804
0.46992
0.396261
0.561973
0.52937
0.568984
0.611667
0.619312
0.631717
0.5998
0.727356
0.730751
0.884953
0.915382
0.902116
0.8589
0.802655
0.908455
0.78766
0.816396
0.919347
0.816445
0.713988
0.824828
0.896836
0.815879
0.723103
0.694193
0.678399
0.656739
0.598579
0.691262
0.723855
0.810982
0.91376
0.898396
0.735767
0.761935
0.858378
0.780003
0.78871
0.729459
0.790887
0.783747
0.755369
0.821659
0.750196
0.788256
0.719337
0.85656
0.728562
0.839309
0.776307
0.723973
0.738833
0.728653
0.662322
0.57836
0.676118
0.625801
0.603373
0.710586
0.641704
0.627079
0.717565
0.774412
0.715919
0.63622
0.440435
0.559281
0.65692
0.651303
0.800318
0.871029
0.797791
0.719341
0.72869
0.794413
0.688174
0.685625
0.848154
0.708277
0.621587
0.585438
0.52363
0.582388
0.56783
0.601802
0.583663
0.63203
0.689149
0.846095
0.863544
0.761515
0.772639
0.627646
0.765947
0.810557
0.848362
0.766752
0.706196
0.857056
0.848878
0.860794
0.839732
0.651027
0.536818
0.661986
0.51059
0.600396
0.69616
0.578769
0.672392
0.712584
0.541786
0.556696
0.760081
0.732852
0.557756
0.735066
0.783268
0.765668
0.815513
0.868674
0.861428
0.864143
0.786268
0.818637
0.682665
0.64644
0.625899
0.57268
0.431388
0.39542
0.404334
0.472122
0.555608
0.49643
0.491233
0.462711
0.402716
0.420466
0.402358
0.540554
0.530791
0.49539
0.423946
0.47606
0.488307
0.493317
0.572857
0.583725
0.535901
0.618651
0.528014
0.584376
0.534571
0.51218
0.597973
0.620159
0.661922
0.595664
0.649514
0.579819
0.634938
0.589249
0.573456
0.612759
0.543233
0.54228
0.543033
0.595573
0.700959
0.596974
0.703112
0.616853
0.640267
0.688552
0.700947
0.634113
0.621561
0.662688
0.682228
0.656355
0.649038
0.637237
0.590753
0.742171
0.671604
0.723854
0.688965
0.637053
0.641746
0.560164
0.704678
0.555247
0.543431
0.586182
0.562044
0.605975
0.564405
0.524131
0.569293
0.617933
0.805572
0.64363
0.544805
0.708184
0.929768
0.840324
0.703204
0.746831
0.954527
0.73118
0.752518
0.860416
0.787443
0.627926
0.674078
0.741462
0.760019
0.763825
0.757881
0.692289
0.76286
0.780849
0.680192
0.678456
0.845217
0.874253
0.858787
0.708537
0.694244
0.592854
0.395411
0
0.406708
0.652384
0.464877
0.710636
0.709899
0.616641
0.510395
0.515498
0.706267
0.622345
0.702705
0.765557
0.89789
0.828265
0.762479
0.905047
0.872844
0.785719
0.675685
0.908718
0.860841
0.783621
0.715633
0.789556
0.843195
0.788757
0.829665
0.772049
0.835746
0.76788
0.910099
0.873416
0.727951
0.838811
0.847017
0.83836
0.763422
0.778938
0.818633
0.864841
0.718722
0.618792
0.71269
0.672924
0.754745
0.780842
0.767656
0.756253
0.73742
0.868439
0.911535
0.854585
0.880786
1
0.910221
0.840239
0.873278
0.911371
0.934242
0.907211
0.971592
0.932574
0.947028
0.886963
0.818576
0.802499
0.79924
0.826822
0.750402
0.672884
0.637638
0.613781
0.611502
0.564807
0.430825
