0.269534
0.249249
0.283006
0.345453
0.424835
0.516094
0.642047
0.642688
0.6649
0.643776
0.657608
0.691588
0.599167
0.592365
0.642184
0.619162
0.574203
0.49189
0.466611
0.458616
0.399622
0.44577
0.463991
0.546627
0.623871
0.560967
0.6903
0.619613
0.662696
0.676143
0.651556
0.689387
0.690065
0.693835
0.701277
0.751167
0.706181
0.748514
0.693463
0.627682
0.716517
0.742181
0.669973
0.640118
0.642688
0.718155
0.617568
0.506971
0.636233
0.557663
0.626349
0.73066
0.680092
0.630333
0.823199
0.785521
0.703132
0.674165
0.774457
0.700306
0.626349
0.58981
0.612749
0.78352
0.894027
0.707192
0.700873
0.683433
0.748553
0.76015
0.674761
0.795456
1
0.746614
0.733882
0.724711
0.9326
0.869751
0.745562
0.775974
0.937923
0.921465
0.745562
0.815491
0.872517
0.802835
0.725796
0.752893
0.636233
0.610361
0.557533
0.674138
0.630741
0.66679
0.630213
0.586479
0.634609
0.662538
0.58357
0.562808
0.747362
0.735842
0.59894
0.577825
0.70868
0.752647
0.782521
0.723078
0.721987
0.649672
0.627682
0.648411
0.55178
0.631652
0.722186
0.813555
0.852244
0.809499
0.833587
0.89904
0.896658
0.815273
0.92873
0.944727
0.904771
0.880618
0.950296
0.951597
0.855796
0.90807
0.936334
0.870316
0.966273
0.91994
0.868366
0.818633
0.939814
0.981166
0.996564
0.95517
0.943546
0.95566
0.942173
0.952182
0.85492
0.918041
0.875268
0.780558
0.929439
0.884018
0.755417
0.702042
0.574266
0.596751
0.55631
0.685857
0.746283
0.704543
0.732411
0.734278
0.73347
0.69026
0.609616
0.491276
0.597464
0.645506
0.527182
0.581383
0.549766
0.470298
0.383115
0.464554
0.411152
0.523559
0.618071
0.686015
0.629974
0.595061
0.629264
0.643185
0.607327
0.671828
0.758416
0.70375
0.712172
0.74912
0.652621
0.55133
0.555771
0.613544
0.687942
0.640375
0.669389
0.675219
0.602161
0.503863
0.472578
0.509793
0.486274
0.613979
0.507617
0.678765
0.493038
0.64989
0.56392
0.620552
0.607311
0.651982
0.662826
0.656354
0.625611
0.656491
0.636386
0.639596
0.535952
0.560097
0.548183
0.469189
0.507726
0.621066
0.72595
0.671394
0.680728
0.652959
0.715077
0.734765
0.710812
0.677394
0.710993
0.675209
0.690487
0.712067
0.746805
0.706854
0.605365
0.527204
0.586783
0.658392
0.361335
0.385104
0.352385
0.350594
0.353677
0.298766
0.331997
0.359802
0.330152
0.500602
0.527589
0.543829
0.475023
0.508951
0.679317
0.690214
0.744136
0.597254
0.612191
0.660088
0.62919
0.597927
0.541169
0.597611
0.665479
0.654016
0.620286
0.553579
0.534786
0.385017
0.379934
0.432544
0.49563
0.509703
0.471636
0.592728
0.523058
0.607482
0.529292
0.552714
0.61921
0.5987
0.514482
0.479524
0.533436
0.657189
0.806657
0.789138
0.767116
0.85925
0.868723
0.732951
0.691197
0.84442
0.824305
0.70163
0.729543
0.762298
0.716653
0.632822
0.754102
0.713017
0.65947
0.731449
0.730568
0.695119
0.70552
0.715195
0.690639
0.598115
0.627493
0.643084
0.648132
0.557227
0.514306
0.594895
0.658648
0.609296
0.568817
0.606618
0.585884
0.617096
0.69075
0.577976
0.672295
0.762072
0.64862
0.664173
0.719317
0.727652
0.689769
0.707919
0.658398
0.634086
0.68878
0.630728
0.681788
0.571944
0.646241
0.686474
0.757766
0.773413
0.787533
0.776334
0.77917
0.856826
0.792761
0.714415
0.764823
0.73003
0.699056
0.712048
0.705704
0.613709
0.670222
0.616337
0.540884
0.633806
0.631117
0.525976
0.658019
0.611609
0.750999
0.765111
0.732574
0.582692
0.603742
0.613071
0.575819
0.577674
0.662836
0.616564
0.644965
0.585656
0.518981
0.550474
0.691199
0.510381
0.458516
0.459156
0
0.395403
0
0.786845
0
0.521039
0.650756
0.626878
0.535256
0.511131
0.524199
0.567516
0.619826
0.603398
0.726799
0.692893
0.585537
0.608056
0.628596
0.641082
0.716805
0.629472
0.672979
0.74917
0.6923
0.620726
0.569795
0.499722
0.525426
0.414679
0.543481
0.602376
0.599983
0.705974
0.842431
0.809535
0.897857
0.847913
0.772171
0.869071
0.890115
0.771642
0.731378
0.725892
0.700824
0.789496
0.778351
0.851568
0.944781
0.858743
0.896884
0.949473
0.940578
0.82998
0.924972
0.86924
0.794195
0.845868
0.844263
0.710035
0.708994
0.69807
0.754896
0.640513
0.432116
0.439102
0.454898
0.576274
0.682984
0.739155
0.654428
0.598951
0.552656
0.699655
0.736282
0.693822
0.648652
0.689647
0.689336
0.662635
0.597714
0.73826
0.655567
0.706496
0.689679
0.70833
0.718826
0.793103
0.791231
0.868734
0.791675
0.888195
0.809225
0.790556
0.839566
0.865474
0.797224
0.836148
0.675012
0.711502
0.68443
0.793976
0.760258
0.893047
0.859163
0.710212
0.767988
0.843484
0.735921
0.715975
0.767473
0.769534
0.759341
0.729021
0.79318
0.703861
0.574051
0.648256
0.766741
0.75768
0.645602
0.761206
0.855255
0.763248
0.799543
0.796555
0.872788
0.850335
0.725046
0.8021
0.671212
0.611734
0.555927
0.541582
0.599396
0.541561
0.508837
0.642135
0.612648
0.633952
0.644242
0.575561
0.687304
0.670309
0.644236
0.638454
0.546784
0.507927
0.597574
0.503605
0.434153
0.532868
0.488794
0.455246
0.477834
0.466868
0.535803
0.526605
0.683318
0.658413
0.828121
0.750168
0.83155
0.845219
0.744806
0.828257
0.829138
0.757997
0.70031
0.725516
0.770466
0.766746
0.771232
0.630409
0.785337
0.750887
0.640768
0.533953
0.579986
0.610991
0.640254
0.602915
0.60508
0.674724
0.660733
0.694016
0.756539
0.792467
0.696824
0.638931
0.695779
0.745962
0.758772
0.793307
0.774765
0.601044
0.60592
0.646641
0.602292
0.554645
0.699064
0.430035
0.467932
0.489503
0.428103
0.482157
0.530368
0.493232
0.537577
0.709793
0.742523
0.76038
0.786069
0.718621
0.553106
0.664841
0.712362
0.575998
0.676901
0.663597
0.566086
0.624667
0.662757
0.644382
0.540256
0.525023
0.498357
0.445483
0.529861
0.529106
0.48007
0.498424
0.50397
0.513692
0.560771
0.588118
0.582908
0.5999
0.627442
0.705618
0.674487
0.711418
0.683819
0.627682
0.58981
0.67953
0.645805
0.576633
0.61925
0.654079
0.66351
0.626926
0.654276
0.557798
0.592444
0.713472
0.707169
0.645163
0.691634
0.622851
0.585027
0.737833
0.676075
0.604446
0.544949
0.582683
0.646424
0.68402
0.718206
0.533007
0.576125
0.679054
0.575843
0.616596
0.457269
0.66506
0.414264
0.504873
0.492219
0.557138
0.517944
0.619858
0.545888
0.495358
0.531791
0.575431
0.552618
0.573058
0.612904
0.535027
0.547819
0.629048
0.662161
0.702456
0.677726
0.615958
0.65979
0.687554
0.686787
0.584607
0.591676
0.522615
0.61366
0.68279
0.516353
0.598512
0.367552
0.349167
0.451231
0.406154
0.483537
0.46811
0.41857
0.360305
