0.639442
0.5877
0.565478
0.596941
0.689985
0.840032
0.70569
0.739234
0.776363
0.856325
0.973946
0.880287
0.962289
0.917461
0.881994
0.972004
0.921782
0.872035
0.784131
0.869329
0.766514
0.762508
0.782865
0.917787
0.794064
0.744928
0.86259
0.828438
0.739379
0.711957
0.845181
0.762643
0.694514
0.633846
0.611537
0.642203
0.531822
0.496778
0.469006
0.545708
0.604464
0.5182
0.59314
0.735323
0.722697
0.756928
0.843513
0.944976
0.911139
0.942456
0.834114
0.837344
0.927189
0.955641
0.753076
0.82966
0.857602
0.655269
0.720743
0.811157
0.81233
0.715655
0.727542
0.773832
0.689964
0.687522
0.668033
0.606614
0.631603
0.568904
0.512812
0.68712
0.747047
0.751222
0.685242
0.718145
0.74457
0.747966
0.667437
0.612549
0.523769
0.562247
0.572681
0.578445
0.657268
0.602289
0.568321
0.547417
0.659063
0.569239
0.584825
0.750772
0.663808
0.61541
0.625403
0.633873
0.825031
0.848896
0.817921
0.793612
0.843722
0.877819
0.812988
0.776963
0.838451
0.609007
0.596504
0.555372
0.579105
0.576103
0.598014
0.61066
0.685537
0.725991
0.843247
0.865061
0.844283
0.747471
0.945939
0.895204
0.916293
0.844185
0.808368
0.731875
0.758604
0.63143
0.676207
0.615281
0.588057
0.641959
0.617698
0.571987
0.539202
0.538328
0.505868
0.492267
0.540712
0.465341
0.454424
0.437612
0.461144
0.476411
0.559226
0.532262
0.514484
0.504769
0.667637
0.496516
0.521163
0.492687
0.643819
0.605889
0.667348
0.722698
0.730768
0.748195
0.827976
0.852737
0.823061
1
0.949265
0.920474
0.815717
0.73279
0.608623
0.647424
0.569138
0.574114
0.439419
0.458092
0.537527
0.49073
0.477897
0.591202
0.508402
0.48652
0.632606
0.747441
0.705296
0.640727
0.637456
0.761524
0.661561
0.626711
0.684308
0.626448
0.612732
0.631591
0.61216
0.674688
0.603169
0.708716
0.651633
0.652661
0.577287
0.457957
0.318028
0
0
0
0.232466
0.468474
0.358121
0.484128
0.459912
0.414592
0.591891
0.587559
0.519136
0.543199
0.64558
0.632469
0.650586
0.664027
0.640481
0.660332
0.597498
0.689943
0.72779
0.673068
0.577369
0.538855
0.447953
0.455898
0.33707
0.529826
0.483604
0.421069
0.510296
0.473886
0.445585
0.446366
0.420475
0.446999
0.460004
0.426353
0.480326
0.506069
0.426042
0.447004
0.541248
0.555451
0.501811
0.486046
0.467337
0.517045
0.49523
0.568611
0.526602
0.59058
0.539731
0.566623
0.455681
0.487472
0.601726
0.561081
0.562365
0.567561
0.482471
0.446484
0.735959
0.573628
0.621395
0.458558
0.291881
0.45134
0.35177
0.42843
0.509451
0.61928
0.474477
0.468238
0.510872
0.641434
0.602394
0.584924
0.542512
0.724159
0.683493
0.511422
0.592011
0.818379
0.643339
0.701018
0.536896
0.626811
0.564821
0.456282
0.520975
0.593014
0.440774
0.444214
0.387094
0.430923
0.52937
0.517902
0.410073
0.404396
0.405455
0.482969
0.426803
0.48194
0.486817
0.487112
0.443322
0.471986
0.520383
0.536454
0.519452
0.522641
0.560258
0.490411
0.576459
0.578531
0.619882
0.643454
0.599766
0.588736
0.590766
0.633894
0.583915
0.653162
0.66285
0.591286
0.59977
0.548374
0.60381
0.554467
0.569603
0.513443
0.459399
0.509448
0.470845
0.482248
0.457156
0.519829
0.487961
0.470853
0.474614
0.475479
0.43141
0.431379
0.459029
0.486531
0.445218
0.476037
0.488737
0.511114
0.480994
0.438498
0.451286
0.516241
0.502347
0.393739
0.441077
0.400615
0.411459
0.430079
0.396805
0.429694
0.41589
0.390344
0.387736
0.440333
0.419608
0.379656
0.371154
0.41103
0.408074
0.402923
0.453641
0.465616
0.469106
0.408293
0.401103
0.385959
0.591069
0.593129
0.536757
0.502776
0.462539
0.465276
0.489315
0.333182
0.378763
0.463054
0.392743
0.383218
0.389195
0.383047
0.533624
0.455896
0.439132
0.465219
0.474604
0.578733
0.56725
0.60782
0.56725
0.598925
0.571406
0.535158
0.490726
0.449031
0.480948
0.543584
0.519349
0.586661
0.551723
0.534202
0.618614
0.594383
0.555255
0.591341
0.633293
0.57223
0.540809
0.59914
0.601171
0.528382
0.49542
0.542352
0.524414
0.522403
0.539877
0.479686
0.515207
0.469224
0.512045
0.494258
0.531311
0.48468
0.444312
0.455086
0.491911
0.445903
0.39846
0.41171
0.445903
0.458022
0.39846
0.374636
0.437757
0.417786
0.417786
0.40747
0.415796
0.413771
0.425426
0.469224
0.4609
0.442703
0.471904
0.514159
0.48468
0.467868
0.513105
0.503358
0.455086
0.493089
0.513105
0.498863
0.455086
0.506661
0.525413
0.475841
0.475841
0.510811
0.512045
0.52139
0.533242
0.581134
0.564725
0.559603
0.544502
0.509909
0.525413
0.502244
0.482201
0.45209
0.437757
0.479686
0.520372
0.471904
0.494258
0.506661
0.527397
0.475841
0.489534
0.501124
0.477132
0.449031
0.493089
0.489534
0.526407
0.534202
0.575253
0.587442
0.584013
0.554377
0.576312
0.535158
0.533242
0.491911
0.467868
0.442703
0.473227
0.471904
0.434353
0.40747
0.437757
0.439426
0.350351
0.377601
0.383255
0.413771
0.442703
0.396081
0.377601
0.380471
0.39846
0.354302
0.354302
0.350351
0.368391
0.380471
0.409611
0.432618
0.475841
0.463725
0.429074
0.427263
0.449031
0.441074
0.512045
0.483445
0.467868
0.508832
0.423561
0.423561
0.538001
0.535349
0.537242
0.543784
0.602691
0.559603
0.53894
0.509909
0.494258
0.586904
0.621563
0.611436
0.610241
0.634502
0.640194
0.624594
0.649203
0.545124
0.585264
0.617869
0.593613
0.57103
0.622901
0.591888
0.56534
0.562552
0.565898
0.60988
0.595333
0.506795
0.41548
0.395092
0.528006
0.556918
0.634719
0.578679
0.743369
0.748848
0.644408
0.672282
0.740242
0.810145
0.903547
0.823581
0.898262
0.839855
0.783425
0.822739
0.847473
0.820935
0.745914
0.792604
0.711861
0.707351
0.73167
0.828423
0.820641
0.764623
0.778245
0.766675
0.696854
0.647228
0.751537
0.690722
0.611534
0.619295
0.579545
0.644425
0.560713
0.506628
0.476926
0.570823
0.585247
0.468626
0.611389
0.779233
0.668843
0.697009
0.819564
0.914001
0.812435
0.871765
0.785552
0.782624
0.856112
0.861957
0.830702
0.872409
0.867214
0.741562
0.678483
0.730803
0.77146
0.699975
0.728725
0.746286
0.719544
0.752333
0.698347
0.59282
0.626272
0.604715
0.554313
0.736345
0.740339
0.753746
0.752418
0.784079
0.778691
0.811756
0.720519
0.619192
0.588668
0.591261
0.614887
0.588336
0.616923
0.581107
0.539345
0.521141
0.574749
0.536712
0.589157
0.688566
0.618113
0.582724
0.657507
0.585878
0.795426
0.789535
0.688538
0.677024
0.792225
0.823882
0.80265
0.770304
0.802145
0.608942
0.593507
0.569488
0.620926
0.601903
0.599878
0.70597
0.697455
0.720257
0.846044
0.789204
0.819656
0.740892
0.867922
0.792871
0.800619
0.791859
0.798919
0.717475
0.722438
0.600786
0.633009
0.546996
0.547169
0.629326
0.570553
0.520748
0.495511
0.518966
0.493959
0.45605
0.531708
0.502322
0.495601
0.461715
0.488133
0.478043
0.487972
0.536869
0.516186
0.48831
0.614511
0.486186
0.499789
0.484583
0.615549
0.576647
0.577367
0.623001
0.720112
0.711835
0.793837
0.838586
0.7705
0.914624
0.898573
0.86542
0.791229
0.697846
0.598027
0.625824
0.640638
0.608608
0.460264
0.496975
0.51338
0.459977
0.465617
0.579962
0.518324
0.619146
0.660431
0.640151
0.610255
0.668915
0.652776
0.710229
0.637048
0.615697
0.707257
0.656977
0.590542
0.609773
0.623464
0.683146
0.583993
0.625263
0.680766
0.552569
0.468055
0.337762
0.294485
0
0
0
0.228605
0.394679
0.344155
0.45027
0.409182
0.374876
0.523915
0.539703
0.436825
0.400215
0.476116
0.542867
0.538386
0.572712
0.58607
0.555197
0.529458
0.612289
0.657249
0.73366
0.638994
0.601013
0.48585
0.52128
0.369329
0.495631
0.462706
0.402483
0.566171
0.525632
0.480809
0.455003
0.46249
0.499119
0.446883
0.446261
0.51319
0.552786
0.454729
0.454625
0.500832
0.511825
0.460907
0.419723
0.433909
0.514462
0.448819
0.539152
0.490613
0.518025
0.542736
0.530836
0.437917
0.422183
0.524295
0.511475
0.559347
0.544037
0.59897
0.487559
0.687565
0.611246
0.488444
0.38371
0.250534
0.398421
0.346564
0.424664
0.472908
0.59068
0.471942
0.465589
0.524063
0.676329
0.648118
0.498978
0.521509
0.701612
0.586748
0.443024
0.556878
0.760962
0.60217
0.66528
0.536483
0.60579
0.534632
0.425933
0.42569
0.538563
0.46801
0.401395
0.358614
0.419585
0.510227
0.461411
0.376863
0.360402
0.372764
0.439636
0.437948
0.446993
0.40406
0.425018
0.447082
0.466257
0.510432
0.483574
0.443377
0.471751
0.505702
0.489534
0.523129
0.61103
0.639746
0.628278
0.612951
0.636861
0.686373
0.663389
0.613403
0.693971
0.690653
0.600696
0.547404
0.551247
0.592257
0.50594
0.530538
0.440848
0.430054
0.450943
0.496046
0.479151
0.466948
0.487134
0.485846
0.441983
0.441561
0.442063
0.410676
0.436184
0.460444
0.470741
0.414971
0.450986
0.46929
0.490038
0.447253
0.416349
0.415035
0.481928
0.494829
0.401218
0.432792
0.404645
0.410877
0.427676
0.378361
0.409128
0.38236
0.360415
0.364116
0.42597
0.435393
0.367637
0.373386
0.428048
0.424087
0.409754
0.449297
0.464567
0.43548
0.410507
0.400091
0.391534
0.561529
0.53101
0.496957
0.50382
0.467322
0.428696
0.448105
0.323335
0.3744
0.43605
0.408177
0.397897
0.405555
0.400471
0.572265
0.511059
0.47574
0.503975
0.515825
0.592854
0.590546
0.616482
0.583516
0.599675
0.56725
0.520372
0.502244
0.45209
0.485906
0.537057
0.530339
0.579536
0.544502
0.529362
0.638599
0.606354
0.579536
0.575
0.618654
0.588998
0.555255
0.612261
0.621437
0.55261
0.516251
0.548139
0.536109
0.526407
0.556131
0.506661
0.557872
0.499997
0.54904
0.522403
0.55261
0.520372
0.445903
0.463725
0.508832
0.467868
0.413771
0.436066
0.466499
0.48468
0.41171
0.40747
0.480948
0.445903
0.434353
0.409611
0.413771
0.430858
0.449031
0.487123
0.466499
0.469224
0.49542
0.533242
0.485906
0.488333
0.547235
0.534202
0.489534
0.515207
0.541738
0.54904
0.502244
0.546327
0.558739
0.509909
0.502244
0.531311
0.539877
0.554377
0.563878
0.60782
0.56557
0.57058
0.558739
0.526407
0.541738
0.497723
0.475841
0.432618
0.421667
0.493089
0.52139
0.455086
0.499997
0.525413
0.524414
0.503358
0.514159
0.543584
0.504465
0.487123
0.527397
0.519349
0.518322
0.534202
0.579169
0.578733
0.585092
0.545416
0.573051
0.525413
0.527397
0.480948
0.47057
0.434353
0.494258
0.494258
0.453596
0.409611
0.455086
0.442703
0.374636
0.40747
0.40747
0.432618
0.419742
0.405288
0.400785
0.405288
0.40747
0.39115
0.365089
0.377601
0.39846
0.400785
0.415796
0.437757
0.485906
0.473227
0.415796
0.409611
0.455086
0.442703
0.512045
0.466499
0.488333
0.518322
0.41171
0.425426
0.514159
0.560463
0.575084
0.557003
0.618822
0.553495
0.541738
0.513105
0.52139
0.614337
0.607074
0.612612
0.616993
0.617461
0.658372
0.603671
0.633491
0.602754
0.667334
0.642893
0.648635
0.59907
0.624877
0.629426
0.620174
0.604761
0.612848
0.634551
0.637408
0.525413
0.45089
0.456214
0.55723
0.524821
0.581498
0.546249
0.714019
0.626422
0.571824
0.609661
0.682506
0.849212
0.884354
0.824581
0.85629
0.764351
0.753835
0.810772
0.765767
0.739257
0.72076
0.75327
0.706882
0.694114
0.726452
0.789474
0.776006
0.752922
0.762259
0.720369
0.651642
0.630469
0.708912
0.709992
0.655433
0.582724
0.560017
0.624117
0.575484
0.516629
0.469087
0.548268
0.528935
0.456682
0.568281
0.708639
0.641847
0.659638
0.777157
0.797888
0.78039
0.867152
0.770471
0.707451
0.843858
0.745998
0.791788
0.856968
0.84391
0.777061
0.775892
0.802625
0.871112
0.796616
0.804664
0.860563
0.789464
0.786507
0.754023
0.659175
0.645465
0.633494
0.623273
0.742839
0.790105
0.801441
0.776951
0.798219
0.714966
0.700349
0.78021
0.654379
0.658776
0.69237
0.637244
0.634969
0.682867
0.57104
0.545213
0.537352
0.589245
0.554998
0.567359
0.68187
0.626033
0.530339
0.644593
0.561321
0.803028
0.768831
0.731115
0.695083
0.781985
0.763757
0.812625
0.734596
0.775846
0.596661
0.553875
0.525767
0.528706
0.537881
0.581377
0.612204
0.620044
0.622396
0.683777
0.729044
0.850003
0.780713
0.920134
0.891548
0.860756
0.841594
0.827146
0.745931
0.741224
0.663697
0.654482
0.600381
0.622056
0.718905
0.5911
0.529418
0.542936
0.561968
0.494246
0.469394
0.535571
0.565938
0.540133
0.488007
0.541263
0.527123
0.524025
0.612002
0.53108
0.46801
0.604087
0.568996
0.503507
0.451708
0.582396
0.57367
0.569817
0.646622
0.730801
0.806488
0.85095
0.850376
0.738001
0.870173
0.826069
0.782851
0.707534
0.639249
0.561058
0.560183
0.520385
0.520889
0.411816
0.430677
0.47741
0.470731
0.487744
0.591679
0.454267
0.497755
0.628087
0.62252
0.578145
0.629473
0.605828
0.674501
0.618876
0.586287
0.645334
0.625259
0.61568
0.580568
0.611171
0.6161
0.567055
0.659582
0.590246
0.578839
0.501541
0.36488
0.313694
0
0
0
0.22397
0.341601
0.327678
0.46751
0.421823
0.389261
0.535158
0.540301
0.44485
0.502083
0.579686
0.583228
0.591362
0.662659
0.669339
0.623022
0.573737
0.63218
0.67172
0.683187
0.610595
0.575708
0.498742
0.493022
0.341192
0.547504
0.446956
0.367561
0.451617
0.45682
0.441873
0.436232
0.424728
0.451498
0.365417
0.361996
0.450629
0.451065
0.354088
0.342096
0.430882
0.50843
0.448243
0.41019
0.453154
0.529366
0.458711
0.550867
0.536379
0.568319
0.513195
0.568609
0.478876
0.517126
0.627625
0.557434
0.517048
0.527217
0.518063
0.470798
0.639123
0.578894
0.541786
0.419408
0.344565
0.387142
0.425312
0.521852
0.609963
0.630416
0.536205
0.532924
0.591252
0.650344
0.619363
0.467881
0.458349
0.671162
0.570127
0.399271
0.504721
0.683131
0.564678
0.580298
0.453606
0.557904
0.493029
0.398669
0.454872
0.500915
0.458074
0.407958
0.353664
0.38665
0.495673
0.474969
0.44999
0.431965
0.420299
0.479164
0.463694
0.471866
0.436002
0.473277
0.468606
0.511242
0.620755
0.540864
0.469888
0.533476
0.524594
0.486099
0.508082
0.580522
0.603508
0.666863
0.599446
0.615457
0.682587
0.618102
0.569047
0.627474
0.660384
0.58186
0.558601
0.558792
0.563705
0.504303
0.5252
0.457766
0.428541
0.430413
0.461671
0.478376
0.46853
0.515175
0.500594
0.476085
0.461033
0.462807
0.425366
0.45444
0.453436
0.485377
0.438632
0.479778
0.481808
0.484791
0.479329
0.422447
0.438928
0.514725
0.511372
0.390788
0.44042
0.402214
0.424539
0.433771
0.375617
0.403161
0.3748
0.351402
0.348924
0.41961
0.45148
0.393759
0.393284
0.44454
0.434284
0.412595
0.47116
0.480465
0.497937
0.446595
0.404657
0.383572
0.538871
0.539497
0.54657
0.504468
0.461741
0.471429
0.486717
0.324706
0.395851
0.461925
0.371032
0.368135
0.381359
0.391677
0.569208
0.515056
0.453037
0.480591
0.499734
0.598925
0.579536
0.617905
0.55261
0.57387
0.52139
0.490726
0.469224
0.429074
0.469224
0.519349
0.491911
0.545416
0.522403
0.498863
0.579536
0.578733
0.545416
0.549182
0.584524
0.574686
0.542663
0.575978
0.601171
0.52139
0.496575
0.549937
0.524414
0.535158
0.584305
0.50775
0.531311
0.50775
0.522403
0.51098
0.527397
0.48468
0.430858
0.434353
0.491911
0.447475
0.383255
0.400785
0.447475
0.465118
0.39846
0.385959
0.455086
0.439426
0.417786
0.415796
0.40747
0.413771
0.442703
0.479686
0.479686
0.466499
0.487123
0.512045
0.485906
0.483445
0.52139
0.52139
0.459468
0.496575
0.528382
0.516251
0.478414
0.529362
0.549937
0.519349
0.497723
0.529472
0.532279
0.546327
0.56557
0.588998
0.55261
0.551723
0.529362
0.501124
0.519349
0.489534
0.469224
0.439426
0.419742
0.480948
0.487123
0.432618
0.494258
0.512045
0.508832
0.479686
0.504465
0.51098
0.49542
0.466499
0.519349
0.506661
0.538001
0.505566
0.566826
0.538001
0.543584
0.518322
0.545416
0.52139
0.512045
0.466499
0.450569
0.41171
0.462319
0.475841
0.417786
0.396081
0.434353
0.41171
0.34176
0.37157
0.368391
0.405288
0.413771
0.393646
0.374636
0.393646
0.419742
0.374636
0.354302
0.368391
0.37157
0.361651
0.415796
0.421667
0.465118
0.439426
0.427263
0.40306
0.444312
0.434353
0.48468
0.45209
0.450569
0.488333
0.419742
0.417786
0.509909
0.537057
0.534222
0.533242
0.564734
0.533242
0.501124
0.485906
0.47057
0.545416
0.539086
0.553017
0.562499
0.55631
0.578327
0.561211
0.591203
0.55892
0.625034
0.610789
0.650748
0.591036
0.605899
0.580191
0.572805
0.552099
0.564
0.600514
0.574286
0.526073
0.428942
0.428272
