0.49032
0.517183
0.57054
0.615944
0.605995
0.597081
0.64551
0.695028
0.676996
0.576741
0.586955
0.565914
0.603988
0.513487
0.545879
0.614906
0.687548
0.655337
0.610484
0.574144
0.626962
0.57856
0.580252
0.579946
0.576362
0.514658
0.399572
0.422362
0.477956
0.535447
0.575238
0.620569
0.65582
0.618548
0.637381
0.644188
0.639796
0.628739
0.609177
0.595361
0.537842
0.56963
0.680968
0.600393
0.532013
0.532642
0.488525
0.420681
0.404785
0.527967
0.480644
0.472552
0.455566
0.526901
0.546945
0.498207
0.490415
0.56844
0.596874
0.558142
0.660384
0.641344
0.52991
0.526006
0.674935
0.6838
0.695964
0.764232
0.661117
0.606277
0.711273
0.712121
0.636475
0.672999
0.674444
0.709721
0.629528
0.524516
0.496348
0.474874
0.498395
0.541719
0.535878
0.531215
0.68268
0.635386
0.64725
0.626575
0.647865
0.618316
0.706436
0.662462
0.705576
0.70645
0.681096
0.655728
0.703294
0.782857
0.653835
0.684064
0.700966
0.62177
0.843078
0.892354
0.988669
0.994012
0.926318
0.965188
1
0.825369
0.7539
0.872472
0.940406
0.840269
0.757214
0.82838
0.815305
0.762958
0.646348
0.683457
0.602575
0.533929
0.725704
0.67333
0.646635
0.607339
0.629986
0.587296
0.434805
0.441456
0
0.488798
0.548318
0.646949
0.580719
0.450959
0.550177
0.591012
0.678451
0.696054
0.697365
0.701288
0.713368
0.67576
0.64219
0.644901
0.613065
0.632951
0.580596
0.615262
0.420532
0.490815
0.54015
0.521522
0.459004
0.502706
0.491228
0.420022
0.480291
0.456722
0.541779
0.433958
0.546749
0.532296
0.731318
0.720909
0.532027
0.628119
0.694018
0.772755
0.715272
0.697571
0.685874
0.610638
0.54778
0.558486
0.507602
0.621175
0.62097
0.78488
0.74254
0.679787
0.760957
0.661605
0.592854
0.691978
0.705295
0.840975
0.852377
0.862357
0.853978
0.785605
0.920059
0.9752
0.83724
0.759147
0.785041
0.808446
0.819477
0.828274
0.750298
0.659951
0.69437
0.598769
0.596828
0.602683
0.679356
0.729229
0.573509
0.58812
0.75682
0.733425
0.718134
0.645938
0.640095
0.624924
0.62784
0.723931
0.579479
0.795549
0.697627
0.706748
0.722248
0.67406
0.714274
0.921041
0.953148
0.855797
0.943017
0.938703
0.847299
0.778564
0.814471
0.909923
0.79053
0.839896
0.829148
0.717617
0.719948
0.667409
0.679067
0.672508
0.620099
0.592556
0.771397
0.821983
0.844444
0.83296
0.722992
0.812705
0.823759
0.843528
0.725989
0.837345
0.756821
0.949799
0.885727
0.756406
0.951966
0.969293
0.921323
0.808178
0.758639
0.761792
0.866813
0.77102
0.758542
0.723462
0.80427
0.704482
0.673995
0.706139
0.714406
0.620873
0.509146
0.430703
0.301048
0.301048
