0.510184
0.548275
0.591069
0.569561
0.505567
0.513019
0.584175
0.559366
0.662664
0.625374
0.566911
0.613189
0.556215
0.455707
0.518635
0.486027
0.583018
0.539964
0.526379
0.478665
0.462682
0.444647
0.534555
0.534502
0.582476
0.583796
0.640661
0.604043
0.632622
0.596338
0.634118
0.644055
0.594455
0.558226
0.64772
0.611207
0.531518
0.443631
0.469386
0.530495
0.543352
0.583938
0.594355
0.644305
0.609074
0.568142
0.552785
0.520013
0.542692
0.607083
0.595804
0.591331
0.567071
0.649678
0.629491
0.699394
0.706025
0.64896
0.623162
0.68334
0.74463
0.729284
0.768028
0.685069
0.848567
0.6814
0.770174
0.701847
0.566131
0.503137
0.670668
0.605418
0.6884
0.729998
0.60687
0.680618
0.656462
0.528626
0.58542
0.589117
0.657503
0.603448
0.601034
0.69768
0.533205
0.528201
0.598696
0.546269
0.592292
0.666543
0.583063
0.547058
0.602147
0.705957
0.625247
0.619545
0.659979
0.655696
0.600144
0.601468
0.732927
0.668754
0.65788
0.680741
0.592425
0.673888
0.664426
0.773871
0.833621
0.857146
0.85822
0.822448
0.801802
0.953192
0.813175
0.849298
0.921341
0.956463
0.830096
0.791621
0.805735
0.829974
0.769516
0.655085
0.766036
0.746471
0.636547
0.686921
0.705434
0.808769
0.706975
0.69664
0.5399
0.362865
0.421054
0
0.46972
0.480155
0.542544
0.505453
0.473932
0.716376
0.697194
0.802545
0.743702
0.674526
0.730901
0.804231
0.687122
0.843131
0.581599
0.564973
0.499243
0.475974
0.620311
0.554097
0.400969
0.528466
0.46302
0.450613
0.576152
0.492424
0.38028
0.399327
0.422701
0.403896
0.410491
0.386315
0.394245
0.403154
0.452823
0.475451
0.437858
0.500441
0.35641
0.447535
0.348167
0.45304
0.489351
0.580711
0.599787
0.536038
0.609915
0.664585
0.621649
0.571726
0.57596
0.575636
0.498718
0.573229
0.499284
0.530271
0.518736
0.613237
0.658219
0.640984
0.537194
0.586469
0.651738
0.657311
0.596277
0.791498
0.767682
0.720811
0.663018
0.829051
0.794898
0.781336
0.755466
0.787889
0.779058
0.652806
0.701005
0.678863
0.782961
0.731464
0.658763
0.612759
0.58561
0.533601
0.610137
0.648873
0.636572
0.594644
0.651212
0.685081
0.678262
0.623517
0.642803
0.649297
0.646783
0.619182
0.584633
0.558477
0.667557
0.616911
0.613493
0.587355
0.596078
0.66559
0.547417
0.534209
0.594323
0.53447
0.582502
0.596192
0.557556
0.654489
0.617671
0.611843
0.674761
0.655864
0.648352
0.630915
0.542361
0.507464
0.471369
0.598472
0.49287
0.514932
0.62001
0.659061
0.763362
0.673642
0.726875
0.734651
0.820774
0.661044
0.650922
0.723046
0.730718
0.709437
0.795579
0.798694
0.869003
0.920259
1
0.876247
0.820598
0.825877
0.848617
0.731351
0.64573
0.699831
0.64351
0.627
0.502462
0.645503
0.734223
0.873048
0.797256
0.771057
0.78734
0.889116
0.891125
0.895032
0.856039
0.958033
0.890635
0.942081
0.839059
0.69377
0.754592
0.831614
0.843214
0.746924
0.725654
0.64922
0.69981
0.815537
0.75226
0.786738
0.758204
0.570201
0.668577
0.706646
0.723508
0.635772
0.61899
0.569643
0.694854
0.637774
0.535305
0.570916
0.51244
0.575575
0.589494
0.557728
0.646134
0.594747
0.629983
0.687677
0.635286
0.642639
0.656922
0.651671
0.695414
0.717666
0.743407
0.731064
0.702145
0.745606
0.762515
0.676726
0.597376
0.61697
0.571759
