0.390916
0.45946
0.647355
0.5972
0.610389
0.590461
0.393001
0.44568
0.618835
0.691097
0.622091
0.44941
0.561284
0.511654
0.469591
0.579479
0.560285
0.479728
0.44137
0.481817
0.501195
0.52395
0.580968
0.532594
0.6108
0.532384
0.724854
0.640791
0.604635
0.73207
0.727128
0.692366
0.618727
0.628377
0.724412
0.701454
0.671788
0.651206
0.612351
0.525152
0.59747
0.558007
0.566577
0.514672
0.551585
0.637448
0.595377
0.548028
0.637928
0.647444
0.545635
0.563174
0.603687
0.581513
0.546235
0.532764
0.536497
0.555686
0.496695
0.511312
0.563174
0.474104
0.421308
0.374524
0.411353
0.423433
0.430645
0.484175
0.527711
0.526435
0.510635
0.562604
0.577149
0.556268
0.713356
0.801359
0.683188
0.664649
0.732751
0.765303
0.653022
0.740407
0.752281
0.661431
0.638887
0.673304
0.634558
0.516004
0.587971
0.521919
0.659122
0.543224
0.566577
0.487929
0.550403
0.604202
0.548624
0.508592
0.551585
0.534636
0.482656
0.454975
0.414748
0.442303
0.44417
0.491622
0.463522
0.500254
0.538346
0.532137
0.664649
0.622463
0.619367
0.569389
0.558007
0.584849
0.533389
0.481892
0.498125
0.557429
0.527711
0.495257
0.540795
0.557629
0.52089
0.489781
0.50441
0.566021
0.475685
0.466013
0.50069
0.453681
0.447724
0.440254
0.488064
0.4676
0.486295
0.4762
0.551426
0.520054
0.493083
0.50414
0.574396
0.485684
0.486435
0.569826
0.524923
0.500111
0.563887
0.598971
0.552311
0.555474
0.626637
0.637502
0.617096
0.679333
0.726729
0.65939
0.644793
0.698644
0.623824
0.530248
0.492353
0.547432
0.418065
0.377562
0.333145
0.292976
0.748226
0.772727
0.80848
0.831047
0.872495
0.767011
0.781181
0.794204
0.603893
0.615251
0.624603
0.643024
0.617139
0.629915
0.561235
0.504267
0.536781
0.486735
0.412619
0.384897
0.489843
0.514637
0.49766
0.541865
0.609312
0.722152
0.837323
0.703228
0.721364
0.813864
0.85765
0.84639
0.871805
0.943641
0.876555
0.800921
0.952752
0.931522
0.863351
0.912334
0.854246
0.757766
0.775123
0.823723
0.790971
0.712649
0.706326
0.626853
0.705294
0.65198
0.574777
0.697033
0.565289
0.517615
0.550273
0.597105
0.67738
0.550404
0.476175
0.678957
0.544559
0.523738
0.469209
0.465986
0.475246
0.529792
0.51205
0.465287
0.485056
0.475659
0.478464
0.48246
0.451214
0.464525
0.444045
0.451742
0.440237
0.416875
0.409115
0.458547
0.473889
0.402793
0.433079
0.497179
0.386374
0.479287
0.521873
0.376623
0.486577
0.420006
0.384745
0.376735
0.414639
0.455775
0.500841
0.488766
0.437041
0.472117
0.468102
0.57797
0.483389
0.439829
0.593148
0.714252
0.534256
0.544013
0.742429
0.73071
0.779254
0.75964
0.747682
0.828035
0.804179
0.783562
0.785787
0.854461
0.915384
0.756896
0.71827
0.654851
0.798215
0.963455
0.851464
0.9169
0.833987
0.668557
0.659033
0.801035
0.626733
0.592675
0.545339
0.37338
0.3804
0
0.356208
0.505081
0.532985
0.563955
0.470198
0.421641
0.465401
0.33515
0.399472
0.417409
0.409506
0.491839
0.477027
0.614826
0.572359
0.619186
0.708891
0.64593
0.645859
0.624537
0.65593
0.684647
0.669772
0.616177
0.645012
0.703205
0.672676
0.67409
0.653484
0.717917
0.682154
0.606545
0.5231
0.571714
0.524683
0.434099
0.312684
0.594001
0.469232
0.572429
0.488034
0.615317
0.722706
0.672295
0.666979
0.676737
0.740792
0.680256
0.581866
0.503916
0.709859
0.663839
0.742868
0.662808
0.59766
0.576441
0.63436
0.608617
0.55078
0.563378
0.522957
0.3482
0.452947
0.355647
0.45472
0.437319
0.54341
0.558118
0.498962
0.513205
0.49784
0.54554
0.634141
0.674803
0.679421
0.610781
0.582442
0.661367
0.600433
0.63552
0.722609
0.632287
0.54118
0.54954
0.625225
0.614219
0.645887
0.523888
0.481704
0.524977
0.57577
0.633369
0.657453
0.647318
0.669397
0.640571
0.634398
0.648301
0.711203
0.701883
0.732218
0.709602
0.637188
0.62966
0.578012
0.69153
0.697409
0.718521
0.700884
0.698243
0.804272
0.661833
0.691193
0.707311
0.751923
0.672234
0.644269
0.727014
0.723079
0.629136
0.588609
0.674355
0.589578
0.517264
0.672029
0.610996
0.521675
0.549398
0.49613
0.51376
0.514107
0.471556
0.500058
0.511526
0.600688
0.687666
0.784992
0.768713
0.737474
0.720526
0.76212
0.66355
0.679247
0.795919
0.778609
0.728192
0.66536
0.834919
0.739611
0.667379
0.65959
0.633052
0.679401
0.819179
0.774697
0.718798
0.703501
0.789946
0.739276
0.663895
0.663682
0.575149
0.598946
0.739342
0.706282
0.721714
0.771996
0.781712
0.838151
0.846358
0.862346
0.907976
0.91425
0.9624
0.835071
0.822723
1
0.970198
0.912821
0.83985
0.871385
0.678372
0.805172
0.796025
0.733115
0.729141
0.889054
0.947092
0.798895
0.900843
0.800848
0.801841
0.834762
0.743326
0.782053
0.82972
0.688632
0.662619
0.668406
0.7988
0.735273
0.806755
0.722247
0.684525
0.591318
0.540521
0.48167
0.427062
0.450674
0.420174
0.632309
0.481347
0.60084
0.523682
0.500486
0.535794
0.624613
0.623347
0.550531
0.556282
0.612286
0.621789
0.571425
0.523343
0.532605
0.57009
0.547763
0.534728
0.632807
0.609329
0.61142
0.678905
0.553578
0.54688
0.458349
0.338193
0.279748
0.309594
0.375107
