0.485584
0.607471
0.695616
0.78795
0.791101
0.894377
0.791701
0.82635
0.759172
0.804438
0.841658
0.851773
0.840914
0.740885
0.774505
0.737817
0.781101
0.614415
0.708554
0.70137
0.656036
0.626341
0.551853
0.765289
0.75693
0.616505
0.551626
0.76497
0.646398
0.521969
0.554647
0.641949
0.524463
0.446813
0.521743
0
0.382551
0.485943
0.471135
0.475001
0.504206
0.491106
0.654752
0.710583
0.805615
0.747803
0.724057
0.768237
0.758834
0.763878
0.818269
0.725533
0.749118
0.776471
0.788974
0.779511
0.809735
0.746948
0.765647
0.79811
0.632748
0.702674
0.55404
0.766808
0.784771
1
0.785676
0.660196
0.88808
0.94617
0.781155
0.729535
0.866898
0.812529
0.718803
0.738052
0.874941
0.817239
0.664454
0.678922
0.706323
0.862438
0.70975
0.661389
0.927037
0.855969
0.839682
0.836825
0.889224
0.890141
0.806754
0.748554
0.725635
0.521224
0
0
0.373849
0.62098
0.593973
0.613503
0.729266
0.597582
0.703305
0.907279
0.995702
0.875877
0.818814
0.632317
0.787181
0.583795
0.570431
0.549373
0.596617
0.75376
0.650713
0.643387
0.716394
0.829159
0.682481
0.62998
0.66686
0.745513
0.79224
0.765097
0.856194
0.841137
0.76852
0.787364
0.894946
0.918549
0.830118
0.742246
0.733043
0.689371
0.678494
0.669524
0.576534
0
0.484611
0.439129
0.392301
0.52811
0.37601
0.452304
0.369554
0.385703
0.338384
0.320785
0.329458
0.374813
0.421708
0.453098
0.350686
0.367079
0.475501
0.661957
0.648762
0.638154
0.563629
0.683132
0.784501
0.691439
0.677347
0.603903
0.643102
0.555571
0.752307
0.598949
0.565763
0.626532
0.692798
0.597542
0.404484
0.410324
0.462141
0.471238
0.517088
0.513536
0.568357
0.665118
0.688092
0.682009
0.61612
0.81793
0.781543
0.741043
0.686323
0.790636
0.730375
0.657598
0.831814
0.835973
0.729663
0.716793
0.8834
0.812449
0.766243
0.786819
0.775525
0.823333
0.807581
0.816765
0.792506
0.798716
0.897306
0.806355
0.689562
0.767835
0.811553
0.697074
0.652522
0.573953
0.640068
0.608796
0.606401
0.592847
0.529147
0.454123
0.456673
0.437307
0.437527
0.467502
0.493853
0.472242
0.489036
0.573298
0.716523
0.567949
0.587126
0.524886
0.614117
0.66951
0.675501
0.688999
0.703641
0.696705
0.818946
0.804876
0.874663
0.868174
0.702673
0.749148
