0.529044
0.555991
0.612492
0.643495
0.573494
0.698528
0.735052
0.63249
0.596989
0.520623
0.430828
0.516533
0.575172
0.572274
0.535582
0.57796
0.598173
0.564027
0.561323
0.552497
0.563207
0.535806
0.505833
0.561268
0.498093
0.560697
0.623796
0.670167
0.652573
0.759443
0.637504
0.729387
0.773832
0.830726
0.83747
0.740742
0.768695
0.773286
0.717421
0.671171
0.719658
0.501043
0.481376
0.711937
0.491321
0.482056
0.450456
0.511385
0.53112
0.545757
0.583624
0.49847
0.51318
0.548089
0.652586
0.70726
0.624608
0.601315
0.872448
0.788912
0.746213
0.758063
0.743184
0.771078
0.841076
0.830141
0.794894
0.818117
0.89462
0.84537
0.772182
0.72361
0.594789
0.669704
0.646077
0.605874
0.562697
0.461462
0.499208
0.402002
0.432787
0.33814
0.510772
0.445392
0.468486
0.402801
0.573191
0.514728
0.587219
0.671151
0.618472
0.560039
0.559408
0.533022
0.387918
0.542348
0.533648
0.658391
0.704501
0.586925
0.591448
0.358544
0.415839
0.436707
0.538811
0.473105
0.517505
0.67528
0.515655
0.473557
0.544458
0.717198
0.668857
0.642009
0.768322
0.639289
0.585433
0.595696
0.583355
0.439203
0.625141
0.678435
0.537779
0.588443
0.431679
0.408638
0.260353
0
0.740481
0.358053
0.274797
0
0.738466
0.567794
0.302335
0.351442
0.547197
0.393876
0.452185
0.501555
0.372792
0.582346
0.437825
0.334452
0.392374
0.516824
0.477118
0.399686
0.414361
0.528929
0.674021
0.795463
0.643814
0.786449
0.615049
0.543961
0.422554
0.559005
0.444394
0.361395
0.482156
0.384714
0.26549
0.44192
0.48464
0.360881
0.461835
0.538144
0.377276
0.421647
0.587821
0.513821
0.41982
0.450006
0.526766
0.58307
0.493385
0.540778
0.514162
0.488924
0.546816
0.609262
0.61832
0.783192
0.722811
0.665914
0.726106
0.767761
0.673176
0.669625
0.521486
0.520706
0.548105
0.525283
0.408711
0.530425
0.608141
0.449851
0.451512
0.498936
0.498263
0.539422
0.55025
0.551491
0.693097
0.777878
0.720205
0.770057
0.763622
0.669302
0.721036
0.604345
0.517062
0.521707
0.313246
0.26448
0.273278
0.264886
0.222767
0.532709
0.627374
0.670605
0.664308
0.393852
0.274017
0
0.478121
0.435344
0
0.371899
0.605632
0.493811
0.376088
0.372922
0.223518
0.386861
0.499554
0.611172
0.711126
0.631097
0.853031
0.707122
0.606131
0.584844
0.45527
0.413444
0.499557
0.558186
0.544489
0.507659
0.55042
0.546468
0.519237
0.496723
0.55623
0.459095
0.433397
0.417351
0.508647
0.475281
0.567358
0.603855
0.64669
0.607234
0.774755
0.653719
0.636218
0.748406
0.822557
0.857053
0.744246
0.738453
0.77904
0.660084
0.751023
0.728738
0.543433
0.524071
0.618979
0.479162
0.431011
0.476856
0.441624
0.490722
0.496709
0.533535
0.495042
0.536857
0.586772
0.664962
0.627315
0.619197
0.645042
0.882006
0.781879
0.728304
0.812341
0.8479
0.859297
0.893201
0.865807
0.886256
0.856257
0.94266
1
0.856166
0.698282
0.582027
0.888838
0.666082
0.664008
0.602794
0.50739
0.551238
0.404964
0.436477
0.372106
0.359587
0.384595
0.473529
0.424226
0.585421
0.555826
0.58841
0.781248
0.671992
0.694121
0.502502
0.402709
0.404761
0.546587
0.492111
0.60594
0.700534
0.622867
0.689695
0.4236
0.448687
0.46807
0.572249
0.525109
0.580282
0.776843
0.598945
0.569098
0.704182
0.816194
0.656173
0.670881
0.771096
0.647125
0.651866
0.601589
0.553072
0.399043
0.58709
0.67538
0.654957
0.689653
0.577962
0.420712
0.29938
0
0.431065
0.282139
0.235826
0
0.392429
0.362806
0.269951
0.343265
0.442835
0.502286
0.54809
0.543915
0.42405
0.613534
0.430288
0.3378
0.45335
0.500612
0.496142
0.441757
0.387648
0.486172
0.682818
0.801219
0.743912
0.797892
0.699158
0.638895
0.461516
0.532897
0.429376
0.360008
0.366778
0.263685
0.32491
0.523636
0.4638
0.369627
0.479469
0.573671
0.391983
0.446908
0.57672
0.598796
0.463245
0.523192
0.564357
0.602083
0.528662
0.578654
0.535702
0.475702
0.627812
0.763997
0.716544
0.689122
0.636764
0.654756
0.713673
0.694379
0.604458
0.563347
0.466556
0.434753
0.509982
0.428253
0.306517
0.42873
0.532558
0.358759
0.360461
0.515933
0.493124
0.540921
0.581482
0.659993
0.720516
0.776925
0.699147
0.722007
0.734748
0.647977
0.656844
0.544189
0.571741
0.530866
0.366066
0.322943
0.314829
0.34904
0.315487
0.605582
0.599657
0.568058
0.527629
0.357835
0.270973
0
0.473444
0.380246
0
0.364354
0.626291
0.551524
0.496508
0.36796
0.275018
0.596382
0.554774
0.659521
0.756139
0.635722
0.760424
0.753165
0.666651
0.58767
0.518001
0.44143
0.557148
0.591236
0.553045
0.566644
0.613898
0.654865
0.642235
0.591547
0.65018
0.594506
0.549729
0.541531
0.619159
0.536657
0.643983
0.720297
0.749397
0.714636
0.859403
0.674124
0.726413
0.869329
0.947198
0.914482
0.83799
0.753145
0.76624
0.730659
0.669152
0.683194
0.522913
0.595666
0.684037
0.534899
0.362044
0.389943
0.39155
0.416749
0.470646
0.537896
0.544741
0.596752
0.667902
0.69899
0.712742
0.672604
0.676094
0.80365
0.871803
0.806764
0.813912
0.833161
0.926666
0.95331
0.930741
0.968206
0.954596
0.999577
0.997767
0.868951
0.867569
0.700482
0.788579
0.637676
0.615674
0.578206
0.487244
0.506368
0.485985
0.535041
0.447549
0.405393
0.404743
0.555057
0.501141
0.592706
0.564142
0.688819
0.747866
0.646887
0.614823
0.655422
0.473276
0.474008
0.638388
0.659383
0.699571
0.751779
0.624862
0.601105
0.334978
0.410261
0.454364
0.562922
0.515251
0.584717
0.819721
0.57672
0.574514
0.675061
0.840312
0.653249
0.669274
0.883259
0.754599
0.649611
0.662338
0.674829
0.488951
0.64159
0.691377
0.503943
0.639022
0.434106
0.437452
0.256786
0
0.5698
0.300278
0.241799
0
0.523115
0.324301
0.347105
0.35372
0.515225
0.414622
0.476792
0.458411
0.349951
0.535478
0.399231
0.321346
0.379727
0.471828
0.460531
0.450631
0.491251
0.644115
0.776411
0.867608
0.759547
0.826636
0.752569
0.695549
0.535723
0.63287
0.464221
0.37273
0.508831
0.419693
0.428575
0.625629
0.594964
0.397312
0.540952
0.623769
0.416476
0.525281
0.649677
0.593669
0.49132
0.453881
0.478848
0.626959
0.543132
0.602545
0.594582
0.579596
0.642523
0.781441
0.778326
0.833798
0.788388
0.75519
0.740165
0.757992
0.700871
0.703827
0.552455
0.563848
0.662099
0.549931
0.408913
0.538873
0.663115
0.439946
0.426423
0.591843
0.549891
0.567095
0.644273
0.639657
0.781292
0.876051
0.821661
0.837267
0.805724
0.714445
0.714769
0.609318
0.565768
0.553911
0.309592
0.278201
0.290791
0.299451
0.228827
0.560191
0.612339
0.663596
0.673504
0.423159
0.292116
0
0.565926
0.49973
0
0.407293
0.687075
0.535529
0.428986
0.457815
0.248369
0.451013
0.437809
0.578356
0.678256
0.555785
0.643106
0.624014
0.564664
0.536839
0.485868
0.415728
0.514416
0.518853
0.532404
0.491612
0.511604
0.57595
0.537803
0.507682
0.493054
0.468435
0.467136
0.424087
0.494086
0.468193
0.521871
0.569084
0.721292
0.645479
0.619531
0.601743
0.602146
0.658112
0.777881
0.757627
0.644036
0.638147
0.732337
0.591968
0.548665
0.655373
0.526262
0.463716
0.558208
0.479009
0.374356
0.409366
0.445695
0.471917
0.433021
0.477512
0.507332
0.45374
0.504328
0.582989
0.603212
0.543026
0.559474
0.675511
0.630785
0.781707
0.82788
0.707565
0.681132
0.884091
0.879329
0.743443
0.839669
0.924294
0.89933
0.74043
0.657198
0.650913
0.761124
0.640163
0.636124
0.627746
0.544164
0.528385
0.497471
0.557756
0.457441
0.481423
0.494348
0.609066
0.50961
0.604513
0.620226
0.731766
0.75972
0.69108
0.597785
0.584385
0.512303
0.499733
0.539832
0.511918
0.604057
0.775127
0.613583
0.684159
0.444269
0.42086
0.49216
0.589748
0.523299
0.569305
0.677608
0.55166
0.554509
0.678192
0.814296
0.661554
0.674278
0.848985
0.686992
0.609985
0.560143
0.557877
0.398475
0.618743
0.607979
0.546764
0.758283
0.560371
0.525292
0.306099
0
0.498054
0.297281
0.268347
0
0.466914
0.437729
0.318015
0.37913
0.471371
0.427493
0.506473
0.52626
0.450785
0.559772
0.374545
0.298479
0.377876
0.440078
0.446431
0.430755
0.486627
0.608796
0.627742
0.783157
0.699942
0.850988
0.665883
0.586917
0.592108
0.64051
0.45161
0.384818
0.402174
0.299905
0.382174
0.586159
0.510422
0.34813
0.517467
0.54696
0.391089
0.484934
0.649655
0.581501
0.481862
0.482824
0.527775
0.57425
0.484638
0.569999
0.497633
0.568882
0.673603
0.734177
0.712195
0.865079
0.799301
0.559279
0.705461
0.715092
0.60331
0.555714
0.437628
0.433208
0.496301
0.44575
0.356863
0.383558
0.498732
0.376666
0.422717
0.516644
0.494923
0.529011
0.579052
0.653096
0.7306
0.810689
0.704273
0.603794
0.640152
0.646713
0.722
0.611505
0.5748
0.557383
0.470217
0.405592
0.387334
0.287767
0.483415
0.711144
0.669644
0.61242
0.593522
0.343107
0.251651
0
0.459734
0.348602
0
0.322049
0.516165
0.514922
0.378871
0.36521
0.291607
