0.503167
0.676573
0.811142
0.84871
0.868968
0.799751
0.60197
0.461262
0.462108
0.52026
0.644976
0.587774
0.823066
0.823853
0.932355
0.812162
0.831625
0.886181
0.937903
0.875202
0.803728
0.780119
0.887271
0.76757
0.860347
0.707181
0.605009
0.593775
0.501494
0.470011
0.697027
0.580277
0.515304
0.582504
0.630094
0.67717
0.748982
0.725987
0.791225
0.884797
0.871085
0.858301
0.902281
0.765956
0.900857
0.955261
0.834312
0.734885
0.86127
0.821488
0.714209
0.600416
0.676746
0.6506
0.815525
0.655126
0.650247
0.696323
0.661847
0.600223
0.595002
0.467241
0.382919
0.422127
0.590881
0.499255
0.628142
0.628663
0.478526
0.718207
0.820825
0.751976
0.817999
0.817915
0.861554
0.74157
0.707777
0.708537
0.77243
0.711222
0.791772
0.614706
0.726598
0.571622
0.60507
0.558248
0.51741
0.70677
0.593071
0.545921
0.473801
0.320737
0
0.329929
0.507271
0.476494
0.511231
0.627054
0.627551
0.623539
0.740818
0.688773
0.567098
0.520204
0.483308
0.602138
0.624412
0.575299
0.533175
0.76086
0.6972
0.656783
0.531611
0.369917
0.390906
0.394731
0.335454
0
0.337324
0.280706
0.270898
0.257235
0.279146
0.34294
0.277828
0.270737
0.407626
0.319317
0.276246
0.354955
0.267683
0.278696
0.376046
0.38457
0.416551
0.40885
0.454943
0.471124
0.561383
0.481999
0.47891
0.506363
0.512165
0.634865
0.460009
0.49306
0.545164
0.604714
0.547736
0.512574
0.519354
0.659044
0.544388
0.509007
0.508958
0.447322
0.410165
0.432331
0.380769
0.371444
0.393593
0.397808
0.384141
0.302281
0.278379
0.327233
0.266593
0.402712
0.333372
0.471493
0.49635
0.531184
0.497916
0.488526
0.485205
0.56042
0.457197
0.494722
0.536126
0.428356
0.521499
0.523318
0.550844
0.615057
0.582148
0.463678
0.524758
0.521143
0.472177
0.684096
0.763534
0.766109
0.822229
0.685364
0.556587
0.439716
0.419395
0.469558
0.625168
0.563498
0.761458
0.758556
0.842703
0.696074
0.770672
0.787537
0.810875
0.830471
0.746427
0.704739
0.859592
0.703253
0.852154
0.619166
0.60731
0.616986
0.517867
0.458487
0.631414
0.588126
0.558133
0.591087
0.642896
0.7462
0.788221
0.772521
0.822626
0.92388
0.920467
0.874583
0.926549
0.773251
0.899537
0.960419
0.878935
0.77339
0.852696
0.800648
0.751
0.596244
0.689649
0.688947
0.863014
0.677424
0.618596
0.637917
0.630422
0.634487
0.586795
0.446614
0.377925
0.44118
0.588909
0.504909
0.635391
0.661519
0.502567
0.696925
0.816769
0.819378
0.811364
0.778483
0.912235
0.772868
0.72729
0.703249
0.80408
0.755839
0.843142
0.645727
0.796081
0.602111
0.639098
0.542008
0.511594
0.72595
0.671561
0.540328
0.473602
0.328315
0
0.357235
0.476007
0.484563
0.51833
0.662243
0.673449
0.665507
0.764664
0.69555
0.575072
0.536758
0.497509
0.634951
0.658168
0.567958
0.51798
0.776379
0.723379
0.764647
0.587832
0.431946
0.428623
0.398496
0.343508
0
0.344259
0.333905
0.281518
0.264563
0.280678
0.34734
0.281652
0.275122
0.4189
0.323565
0.288348
0.38706
0.286631
0.292096
0.390643
0.396318
0.42067
0.41161
0.469708
0.435562
0.540978
0.490851
0.500396
0.447954
0.447631
0.58932
0.476524
0.477552
0.525546
0.586136
0.537268
0.536228
0.517198
0.653191
0.562418
0.511153
0.564155
0.445619
0.383926
0.435559
0.375157
0.385461
0.44079
0.400693
0.390283
0.311018
0.288088
0.340994
0.281849
0.420455
0.360789
0.498285
0.524863
0.562593
0.517824
0.487224
0.496452
0.578956
0.501014
0.556108
0.577912
0.460794
0.558196
0.551736
0.590686
0.618715
0.580261
0.481136
0.55783
0.557504
0.462435
0.638064
0.761996
0.76561
0.829009
0.724009
0.573063
0.485963
0.492636
0.544141
0.68803
0.58076
0.829654
0.823468
0.865815
0.790694
0.830427
0.819778
0.871268
0.915429
0.78516
0.730806
0.867878
0.696017
0.88084
0.662387
0.616358
0.604852
0.495423
0.478896
0.639216
0.570896
0.558473
0.584809
0.637776
0.705601
0.743539
0.774259
0.844073
0.940273
0.918141
0.899712
0.947234
0.764476
0.943529
1
0.844894
0.729654
0.861775
0.799409
0.72458
0.60197
0.691334
0.677169
0.870745
0.6894
0.673069
0.642559
0.677128
0.629558
0.564398
0.449403
0.368716
0.398879
0.506852
0.460446
0.667371
0.613937
0.460617
0.621399
0.749952
0.813642
0.767987
0.723962
0.852475
0.770092
0.703771
0.686791
0.791277
0.727527
0.830501
0.64457
0.784762
0.604453
0.638976
0.541951
0.513846
0.72001
0.661591
0.531058
0.462305
0.324475
0
0.347043
0.488534
0.466247
0.490833
0.658636
0.680815
0.652417
0.743028
0.674037
0.561896
0.516315
0.497252
0.615131
0.640033
0.569588
0.525634
0.724306
0.691659
0.693091
0.603246
0.43077
0.423337
0.395831
0.328535
0
0.345981
0.331716
0.301119
0.27597
0.284426
0.316565
0.284752
0.256654
0.391577
0.312305
0.263844
0.296116
0.33678
0.385468
0.362252
0.434261
0.541269
0.509895
0.503752
0.498059
0.583152
0.447351
0.457254
0.523942
0.513617
0.575904
0.470806
0.455625
0.514236
0.552212
0.533796
0.528177
0.527392
0.646162
0.557162
0.493838
0.489256
0.41883
0.388066
0.428732
0.376159
0.38912
0.441579
0.39054
0.388415
0.300377
0.267623
0.325557
0.282156
0.41148
0.380702
0.485504
0.486748
0.561649
0.521922
0.495204
0.499683
0.561381
0.453425
0.492589
0.532454
0.449116
0.552194
0.546335
0.547691
0.611965
0.531217
0.450709
0.514409
0.542403
0.432205
0.662904
0.76855
0.809933
0.858142
0.804511
0.64545
0.57748
0.523517
0.58076
0.681345
0.600416
0.760373
0.763369
0.870226
0.769665
0.758867
0.849642
0.85471
0.815042
0.741352
0.72413
0.852458
0.725677
0.828512
0.614039
0.537158
0.555366
0.42672
0.445926
0.646351
0.54329
0.527469
0.556271
0.604266
0.691839
0.715165
0.695278
0.734651
0.84957
0.844114
0.796927
0.858071
0.707977
0.827364
0.906963
0.799416
0.689459
0.791596
0.79139
0.697095
0.59203
0.672822
0.6561
0.820731
0.639235
0.626612
0.661466
0.582406
0.504228
0.487723
0.439636
0.374672
0.446014
0.517114
0.470713
0.653983
0.603702
0.463573
0.615101
0.723324
0.766729
0.748435
0.693824
0.796939
0.723671
0.682275
0.650481
0.777986
0.702011
0.79111
0.61732
0.72191
0.576606
0.589226
0.60452
0.553739
0.726759
0.726894
0.524678
0.455801
0.314904
0
0.357325
0.508479
0.481181
0.483063
0.654152
0.628918
0.608528
0.70676
0.640437
0.544544
0.541098
0.494827
0.605484
0.631438
0.637369
0.6109
0.793825
0.718653
0.67474
0.619739
0.394538
0.390164
0.383942
0.339689
0
0.353173
0.323262
0.294107
0.268682
0.279913
0.34615
0.287396
0.259479
0.378956
0.327288
0.283705
0.292705
0.27468
0.281479
0.354481
0.410067
0.49423
0.449795
0.477215
0.405136
0.486022
0.468384
0.4766
0.469174
0.466124
0.568569
0.44331
0.438026
0.498533
0.554863
0.514277
0.515807
0.522131
0.643244
0.549295
0.501929
0.473329
0.413177
0.420626
0.433346
0.388558
0.378591
0.441292
0.385475
0.384481
0.306202
0.276514
0.330696
0.262826
0.392324
0.326925
0.459092
0.508634
0.562476
0.500951
0.469815
0.466307
0.568655
0.46491
0.484818
0.538047
0.431739
0.536117
0.543719
0.587467
0.618492
0.663282
0.492103
0.528499
0.510326
0.509712
0.705001
0.803281
0.781787
0.854963
0.771117
0.620717
0.473581
0.471177
0.525453
0.686698
0.582931
0.870773
0.870249
0.871947
0.82937
0.887389
0.878942
0.861097
0.924679
0.770504
0.704352
0.841298
0.692095
0.865699
0.671245
0.597177
0.579395
0.500227
0.456342
0.606263
0.542903
0.49172
0.545799
0.610584
0.652659
0.726581
0.742236
0.802705
0.891843
0.928937
0.911319
0.930398
0.820586
0.987359
0.969895
0.86148
0.798209
0.910813
0.793392
0.740966
0.611691
0.684687
0.667148
0.829929
0.639304
0.607834
0.603788
0.606889
0.608608
0.573428
0.444166
0.365944
0.401281
0.519478
0.454971
0.600239
0.587229
0.457315
0.617816
0.722269
0.739963
0.724723
0.753914
0.853019
0.726942
0.687275
0.724531
0.801846
0.724417
0.810092
0.623563
0.743874
0.558594
0.596401
0.622948
0.57858
0.668763
0.581239
0.501168
0.456422
0.322043
0
0.331135
0.474117
0.426699
0.46599
0.595471
0.579472
0.563074
0.704846
0.688395
0.561281
0.508703
0.476307
0.597528
0.61227
0.642231
0.590252
0.731479
0.697063
0.649288
0.55878
0.379395
0.390727
0.376748
0.324376
0
0.326264
0.33208
0.301765
0.278466
0.282701
0.302325
0.263395
0.23624
0.383056
0.307034
0.268993
0.300947
0.2989
0.331754
0.353558
0.412469
0.500765
0.451818
0.489639
0.40256
0.489586
0.440019
0.435967
0.473378
0.462722
0.553245
0.476255
0.475717
0.502886
0.5057
0.464859
0.477627
0.490841
0.616191
0.523625
0.48948
0.452244
0.398884
0.385657
0.422893
0.3677
0.373117
0.399946
0.389445
0.390258
0.296682
0.27189
0.318503
0.271074
0.401507
0.333255
0.452964
0.482404
0.527026
0.498238
0.459964
0.471906
0.553555
0.418541
0.432304
0.472436
0.411485
0.520699
0.526671
0.546449
0.594644
0.633109
0.481386
0.509671
0.484843
0.495347
0.653958
0.773416
0.758969
0.834362
0.726975
0.575278
0.451704
0.471177
0.512281
0.675048
0.587774
0.78852
0.799476
0.847949
0.780394
0.80367
0.829881
0.848858
0.847856
0.763148
0.751958
0.910051
0.761711
0.8621
0.633309
0.560272
0.558252
0.467351
0.459045
0.576295
0.538337
0.547075
0.564178
0.605105
0.666426
0.728643
0.760495
0.760303
0.884245
0.946253
0.851903
0.888363
0.729179
0.912445
0.95618
0.84701
0.751763
0.877184
0.835312
0.749658
0.608644
0.697234
0.685179
0.879379
0.711114
0.670384
0.688977
0.68383
0.574853
0.513517
0.464548
0.374688
0.386164
0.508714
0.470036
0.587579
0.612111
0.468643
0.598909
0.69928
0.756221
0.714239
0.700512
0.804641
0.771048
0.692688
0.632785
0.779771
0.735674
0.856794
0.64596
0.779744
0.624959
0.665428
0.679297
0.654523
0.778608
0.678401
0.567111
0.477842
0.330463
0
0.349933
0.503086
0.495445
0.477904
0.634164
0.688825
0.661303
0.730103
0.692009
0.565484
0.527477
0.498486
0.651244
0.638927
0.698058
0.652114
0.774386
0.701518
0.652511
0.59659
0.424191
0.427679
0.408857
0.337046
0
0.334132
0.366145
0.297138
0.274959
0.277288
0.325468
0.247092
0.224807
0.379553
0.328267
0.276596
0.277252
0.273427
0.293517
0.338933
0.389617
0.457346
0.432798
0.483172
0.379087
0.44621
0.42653
0.430853
0.45591
0.448135
0.562576
0.472644
0.451018
0.48712
0.493283
0.496108
0.479314
0.496286
0.615305
0.527285
0.480397
0.532923
0.420713
0.378069
0.417992
0.382474
0.356542
0.390562
0.388212
0.381427
0.294321
0.270666
0.313353
0.261317
0.41283
0.33937
0.473475
0.505297
0.56369
0.519368
0.491499
0.483066
0.557476
0.490456
0.538504
0.545053
0.437005
0.538075
0.542883
0.584209
0.632518
0.619203
0.491029
0.499737
0.485366
0.447721
0.624675
0.65536
0.71733
0.794208
0.708598
0.560635
0.432895
0.426809
0.506134
0.647816
0.564068
0.745742
0.740037
0.76106
0.666056
0.759364
0.7588
0.76218
0.821905
0.731193
0.689849
0.822493
0.671721
0.828026
0.573114
0.571587
0.586518
0.48551
0.483674
0.654897
0.58453
0.517489
0.595771
0.631704
0.730305
0.795085
0.766577
0.767035
0.908664
0.90537
0.843744
0.874461
0.756436
0.917131
0.933476
0.816444
0.733336
0.847428
0.776084
0.728075
0.602487
0.663292
0.657791
0.83521
0.659208
0.627755
0.614843
0.639258
0.573195
0.551988
0.516176
0.424292
0.427905
0.569627
0.492203
0.669157
0.620687
0.469394
0.649065
0.762784
0.79504
0.809125
0.746244
0.824606
0.770885
0.729143
0.668742
0.789068
0.726075
0.812741
0.620334
0.739613
0.595097
0.629333
0.637849
0.604512
0.690923
0.657192
0.526654
0.474745
0.323895
0
0.364445
0.558791
0.505629
0.516805
0.65115
0.673815
0.656576
0.762739
0.685691
0.549465
0.507103
0.486719
0.611781
0.647102
0.660451
0.603005
0.718785
0.64807
0.627436
0.569069
0.399059
0.422922
0.398864
0.350812
0
0.332354
0.364357
0.279885
0.264743
0.281439
0.322779
0.241768
0.241983
0.376957
0.332076
0.28215
0.282671
0.32615
0.306018
0.347925
0.395902
0.44633
0.451402
0.437308
0.342916
0.416752
0.448636
0.467226
0.459795
0.472492
0.533894
0.450709
0.431317
0.484088
0.576355
0.49508
0.505672
0.506551
0.630845
0.552817
0.506166
0.541795
0.443176
0.403489
0.435721
0.406095
0.382559
0.426152
0.383287
0.386211
0.311018
0.253557
0.312289
0.272781
0.402274
0.33161
0.479263
0.501749
0.548981
0.498125
0.487216
0.494075
0.571084
0.497369
0.545377
0.562182
0.456496
0.538474
0.536271
0.550539
0.612683
0.642671
0.503645
0.493184
0.514563
0.485918
0.664399
0.758387
0.804138
0.81499
0.745824
0.584552
0.448102
0.444425
0.510248
0.6227
0.57748
0.777609
0.782144
0.861264
0.772738
0.79617
0.803976
0.863205
0.842458
0.765367
0.718163
0.824827
0.710021
0.841297
0.675578
0.574697
0.572841
0.489833
0.464281
0.688745
0.573786
0.545373
0.559392
0.624864
0.657144
0.713058
0.710151
0.765107
0.852994
0.854378
0.824586
0.880648
0.734144
0.860782
0.915556
0.802002
0.769513
0.822607
0.76087
0.678898
0.566903
0.64027
0.636536
0.801111
0.648681
0.578987
0.661535
0.603648
0.579044
0.569678
0.449782
0.377068
0.418202
0.584848
0.479141
0.615022
0.615338
0.464083
0.642689
0.735607
0.764766
0.755263
0.725422
0.804214
0.741393
0.679494
0.645704
0.755946
0.683723
0.769449
0.605044
0.72272
0.573584
0.626195
0.570244
0.510605
0.675502
0.576335
0.506413
0.477641
0.317529
0
0.344042
0.511603
0.48921
0.484549
0.64436
0.654854
0.641846
0.708569
0.657176
0.54345
0.528509
0.484115
0.603095
0.637177
0.557588
0.517195
0.784497
0.730666
0.667063
0.546479
0.40193
0.407396
0.391695
0.33387
0
0.318603
0.280066
0.256437
0.245385
0.264469
0.328628
0.262756
0.251274
0.382695
0.323512
0.275965
0.327489
0.237073
0.274525
0.313582
0.384547
0.454558
0.434958
0.436959
0.414069
0.479602
0.439544
0.450815
0.472458
0.484458
0.585639
0.437186
0.467495
0.51561
0.55747
0.542655
0.503331
0.500817
0.649995
0.540757
0.492915
0.503248
0.434449
0.395635
0.436079
0.375967
0.369393
0.378573
0.385065
0.369555
0.302115
0.26273
0.32026
0.267616
0.405355
0.333244
0.490216
0.511457
0.5291
0.499977
0.478031
0.480713
0.561401
0.472764
0.5106
0.535196
0.440527
0.520578
0.538923
0.561265
0.599083
0.588451
0.457715
0.524281
0.530587
0.458203
0.654229
0.717736
0.733656
0.789985
0.683134
0.545347
0.441615
0.418305
0.481402
0.635888
0.56121
0.734338
0.745002
0.800566
0.681637
0.753368
0.776101
0.791908
0.810914
0.710717
0.691854
0.818575
0.666399
0.825677
0.608566
0.587981
0.608584
0.491491
0.437024
0.574611
0.553015
0.554094
0.578462
0.623762
0.731062
0.722985
0.733223
0.781065
0.893698
0.886806
0.82995
0.881901
0.781672
0.873299
0.913077
0.847597
0.778594
0.818658
0.748959
0.716024
0.580215
0.66783
0.662218
0.841434
0.658854
0.598185
0.589786
0.616107
0.578701
0.54852
0.430477
0.351156
0.38097
0.55663
0.486307
0.635026
0.609239
0.459979
0.626228
0.734307
0.789999
0.766796
0.703222
0.822509
0.748159
0.693376
0.645714
0.79768
0.71418
0.814231
0.637434
0.767552
0.585802
0.615799
0.518266
0.490409
0.657873
0.617002
0.523793
0.484372
0.325358
0
0.360727
0.488955
0.476228
0.507165
0.640063
0.643559
0.640246
0.713019
0.671596
0.559557
0.502242
0.481771
0.604344
0.614047
0.552642
0.507275
0.698399
0.693519
0.69127
0.562833
0.424382
0.416428
0.388882
0.327626
0
0.334594
0.327017
0.277491
0.26111
0.280169
0.314045
0.300899
0.270577
0.398781
0.315128
0.260898
0.326839
0.305162
0.349623
0.384494
0.441187
0.512525
0.476201
0.487442
0.368916
0.438258
0.442102
0.456817
0.462402
0.46228
0.525826
0.447245
0.449201
0.483305
0.545242
0.512844
0.495816
0.492833
0.602696
0.519752
0.477509
0.529101
0.422488
0.377865
0.418611
0.361639
0.361882
0.396268
0.384107
0.369281
0.300212
0.26899
0.314419
0.272484
0.403042
0.338138
0.472664
0.491795
0.531167
0.497616
0.467568
0.474847
0.539453
0.484675
0.516728
0.514156
0.421839
0.520648
0.518726
0.552641
0.603824
0.533975
0.438272
0.511268
0.507628
0.481873
0.638148
0.71208
0.751936
0.83392
0.735397
0.598335
0.516965
0.516965
0.531814
0.681793
0.575278
0.784783
0.735025
0.799004
0.673262
0.729855
0.755108
0.794608
0.834376
0.739284
0.730688
0.876553
0.724662
0.811354
0.614408
0.565504
0.585915
0.495607
0.47419
0.606327
0.556934
0.541817
0.576465
0.624019
0.72121
0.691541
0.724223
0.796686
0.898993
0.865421
0.850637
0.89849
0.756698
0.899964
0.936895
0.833008
0.751757
0.875798
0.813598
0.72458
0.605576
0.685396
0.667371
0.848837
0.685024
0.646231
0.651576
0.690968
0.581184
0.545369
0.423848
0.355486
0.402428
0.47898
0.449382
0.635854
0.612945
0.467102
0.608148
0.723451
0.787105
0.764623
0.730785
0.839696
0.726306
0.68217
0.690095
0.801767
0.741877
0.806067
0.602382
0.74597
0.606315
0.642894
0.541602
0.504013
0.688592
0.639577
0.525737
0.471992
0.322346
0
0.348587
0.494317
0.464178
0.485649
0.640419
0.670891
0.647742
0.726303
0.67602
0.53689
0.515655
0.484244
0.613675
0.638343
0.57424
0.531884
0.688108
0.656775
0.609842
0.55558
0.40079
0.415166
0.396665
0.323212
0
0.335703
0.320779
0.284885
0.268995
0.28731
0.324537
0.300081
0.265237
0.389712
0.317733
0.243966
0.292768
0.409147
0.489281
0.375604
0.452621
0.563026
0.533015
0.515279
0.424911
0.487224
0.450776
0.453122
0.504527
0.497268
0.578628
0.471895
0.450564
0.501272
0.546779
0.51755
0.525197
0.521639
0.642759
0.541388
0.49219
0.526164
0.425094
0.389184
0.433719
0.373952
0.382228
0.429854
0.38274
0.369218
0.302281
0.268306
0.322904
0.266812
0.402164
0.33062
0.46064
0.48796
0.557215
0.507998
0.479165
0.485738
0.553104
0.496146
0.533068
0.520333
0.432063
0.556643
0.556329
0.557535
0.577215
0.548673
0.445498
0.526593
0.503945
0.432061
0.631682
0.694656
0.72867
0.800054
0.763774
0.616726
0.533695
0.487463
0.564636
0.644976
0.559483
0.707411
0.699136
0.778322
0.68163
0.701576
0.75872
0.758154
0.770708
0.690591
0.706983
0.83983
0.682304
0.787544
0.580064
0.536188
0.563027
0.4348
0.450365
0.640191
0.536301
0.546636
0.548889
0.590876
0.669366
0.715567
0.69952
0.715737
0.83043
0.837187
0.773515
0.81867
0.742794
0.809115
0.878161
0.807222
0.707211
0.767219
0.771628
0.699595
0.594142
0.663047
0.663007
0.818395
0.634453
0.628055
0.662123
0.583873
0.49223
0.474652
0.433352
0.367392
0.439497
0.520153
0.481088
0.683073
0.622373
0.444922
0.653544
0.726727
0.751289
0.755267
0.740363
0.810189
0.737774
0.685631
0.652169
0.759882
0.705868
0.794522
0.635836
0.728234
0.583108
0.608199
0.639348
0.569966
0.70625
0.664683
0.477227
0.44296
0.322043
0
0.359067
0.500002
0.488249
0.486764
0.640761
0.633315
0.618332
0.709107
0.651193
0.565103
0.496374
0.466675
0.610386
0.605651
0.648388
0.611507
0.778478
0.718427
0.655065
0.637246
0.388772
0.41036
0.408168
0.34207
0
0.36147
0.336106
0.296211
0.271687
0.276825
0.344919
0.287688
0.256135
0.407434
0.352242
0.319608
0.362649
0.327234
0.310159
0.392355
0.440355
0.508719
0.462801
0.462612
0.343316
0.407574
0.453269
0.471685
0.428645
0.439205
0.573759
0.467011
0.445583
0.490407
0.551328
0.48832
0.517629
0.522614
0.629748
0.536984
0.494851
0.49771
0.438119
0.43221
0.438212
0.405809
0.384072
0.442727
0.394789
0.385049
0.312296
0.311967
0.342709
0.278037
0.405576
0.325018
0.486381
0.51884
0.594993
0.523715
0.497606
0.494848
0.56505
0.475355
0.503397
0.534552
0.434709
0.521192
0.519921
0.573162
0.620339
0.694276
0.552952
0.574503
0.558457
0.480134
0.684604
0.800331
0.790124
0.819198
0.783379
0.628603
0.475168
0.473581
0.52992
0.684473
0.589908
0.832596
0.814341
0.839494
0.804883
0.844819
0.864817
0.919436
0.884301
0.799531
0.725893
0.865603
0.711426
0.87519
0.706398
0.618832
0.593905
0.502408
0.457872
0.660442
0.545103
0.502292
0.555646
0.629153
0.671133
0.733302
0.736641
0.815725
0.873729
0.887657
0.880106
0.928512
0.76991
0.896876
0.963991
0.827659
0.73392
0.847735
0.809279
0.723747
0.595194
0.670549
0.637736
0.82026
0.653091
0.625001
0.632637
0.645036
0.622004
0.591366
0.458353
0.383217
0.414467
0.535303
0.466452
0.57018
0.592098
0.464669
0.640298
0.750178
0.784816
0.761466
0.769194
0.88241
0.760023
0.7077
0.718399
0.804054
0.722233
0.801033
0.617292
0.754748
0.577559
0.626369
0.641376
0.610458
0.804802
0.67393
0.565262
0.462053
0.320737
0
0.34066
0.509835
0.435739
0.486296
0.649733
0.607221
0.59382
0.740641
0.708458
0.560459
0.508635
0.47876
0.601283
0.62769
0.678687
0.636393
0.861889
0.768621
0.711373
0.62625
0.399195
0.400373
0.38269
0.319572
0
0.334149
0.322374
0.274837
0.255555
0.273685
0.329301
0.259309
0.245381
0.389462
0.320697
0.230836
0.288007
0.264077
0.288084
0.363664
0.396701
0.458174
0.433444
0.442652
0.350358
0.425877
0.423495
0.426501
0.416831
0.430218
0.499783
0.405988
0.472454
0.491386
0.52313
0.452613
0.480325
0.497175
0.624046
0.506809
0.476303
0.44125
0.386832
0.365399
0.406974
0.352361
0.347761
0.370481
0.368394
0.333466
0.282979
0.264379
0.322316
0.269524
0.401398
0.346988
0.455734
0.492681
0.574277
0.516529
0.4804
0.486562
0.560335
0.417033
0.422295
0.469276
0.411796
0.541546
0.538051
0.555645
0.64341
0.685915
0.5482
0.567476
0.550075
0.517067
0.699335
0.846569
0.799723
0.888742
0.781693
0.625168
0.472783
0.475168
0.558906
0.724009
0.642599
0.832139
0.85409
0.921224
0.855068
0.841473
0.898537
0.901836
0.89056
0.809915
0.79041
0.951464
0.816126
0.87275
0.666979
0.568238
0.558599
0.462815
0.456441
0.602433
0.552238
0.524714
0.578539
0.62412
0.688138
0.7635
0.764027
0.791635
0.929143
0.953549
0.87844
0.918185
0.741237
0.898494
0.977663
0.851112
0.734249
0.858769
0.865418
0.743373
0.635405
0.698033
0.685509
0.90979
0.721826
0.6545
0.706072
0.671403
0.578006
0.521968
0.478023
0.389385
0.407984
0.547773
0.501804
0.653654
0.647366
0.497319
0.671137
0.778568
0.81342
0.813734
0.812943
0.890509
0.794092
0.721972
0.716542
0.825136
0.73849
0.847653
0.637141
0.780106
0.631305
0.69163
0.690006
0.672477
0.786591
0.664865
0.561759
0.508271
0.334154
0
0.362695
0.494744
0.506633
0.508791
0.64427
0.705145
0.677883
0.769998
0.718189
0.567787
0.524635
0.511975
0.651981
0.667419
0.727878
0.693487
0.811327
0.715207
0.674745
0.626906
0.450427
0.453719
0.42667
0.369672
0
0.330586
0.329902
0.298104
0.27815
0.286353
0.337397
0.264715
0.249947
0.416005
0.335404
0.256099
0.299055
0.293398
0.352418
0.377992
0.434153
0.523325
0.484951
0.454514
0.382855
0.455903
0.452448
0.465023
0.47918
0.466593
0.597296
0.490889
0.504782
0.526078
0.568194
0.541821
0.502046
0.514298
0.664514
0.565909
0.50299
0.533592
0.434438
0.398601
0.42846
0.398865
0.381552
0.411201
0.407988
0.405665
0.31815
0.286253
0.322904
0.273676
0.42034
0.349865
0.491999
0.523142
0.55374
0.531992
0.508369
0.51208
0.586315
0.503699
0.558493
0.562072
0.454222
0.57299
0.576412
0.606204
0.645263
0.677054
0.479506
0.470381
0.492581
0.443822
0.612395
0.666075
0.679665
0.760399
0.689118
0.576931
0.451704
0.476744
0.526737
0.716766
0.589908
0.797141
0.782619
0.761348
0.685804
0.798528
0.737094
0.761714
0.85565
0.749132
0.713442
0.875151
0.703147
0.857514
0.582615
0.5805
0.585579
0.478837
0.47568
0.662992
0.589124
0.53336
0.589872
0.648151
0.73515
0.775137
0.811792
0.799543
0.959709
0.981257
0.885633
0.917888
0.8323
0.982998
0.965598
0.884928
0.773085
0.906813
0.825779
0.743483
0.622205
0.688741
0.672122
0.893181
0.682244
0.615583
0.652881
0.647149
0.566263
0.52487
0.488366
0.404141
0.42589
0.597947
0.49706
0.666844
0.663084
0.506052
0.683287
0.817019
0.85293
0.834126
0.798454
0.877127
0.808731
0.740968
0.698229
0.806549
0.738077
0.843883
0.651867
0.783034
0.608031
0.644951
0.676413
0.64712
0.703242
0.670643
0.534609
0.495148
0.331527
0
0.37749
0.549355
0.519771
0.5333
0.699047
0.684342
0.676581
0.786452
0.703627
0.565337
0.5183
0.487333
0.628887
0.636206
0.658288
0.621292
0.746497
0.706451
0.681326
0.591809
0.407037
0.425309
0.416171
0.343989
0
0.341367
0.381384
0.313621
0.282302
0.288882
0.335697
0.261835
0.253699
0.408199
0.325219
0.285655
0.311766
0.357755
0.345242
0.366383
0.437329
0.522615
0.481774
0.444378
0.326135
0.379255
0.446968
0.458175
0.459163
0.465914
0.566964
0.468837
0.445051
0.50811
0.584033
0.509794
0.507123
0.516913
0.637436
0.552764
0.495131
0.543998
0.441381
0.395388
0.424874
0.397881
0.38267
0.446753
0.389582
0.376249
0.301866
0.27729
0.31675
0.277507
0.406793
0.349265
0.475777
0.51384
0.554385
0.505936
0.485391
0.496623
0.56411
0.502932
0.556902
0.567367
0.459242
0.536202
0.537304
0.563602
0.607014
0.636894
0.505174
0.519384
0.527615
