0.452515
0.508509
0.745629
0.622714
0.574738
0.514456
0.374992
0.599008
0.530343
0.534912
0.611825
0.678913
0.564685
0.585452
0.496433
0.521745
0.414867
0.369774
0.369085
0.381891
0.397253
0.429182
0.457624
0.473678
0.577445
0.536487
0.524582
0.558218
0.561399
0.447766
0.456417
0.498722
0.490078
0.53077
0.500329
0.461412
0.449309
0.439741
0.33639
0.646337
0.463503
0.534794
0.3795
0
0.373158
0.349056
0.466504
0.591217
0.525686
0.76381
0.645033
0.535219
0.577773
0.710046
0.671036
0.565313
0.69569
0.557422
0.690723
0.640938
0.688124
0.707756
0.576201
0.669968
0.570723
0.730637
0.744322
0.703259
0.630564
0.732403
0.752026
0.663238
0.650158
0.706049
0.713785
0.783869
0.940507
0.875957
0.892947
0.741438
0.86612
0.887067
0.673049
0.598214
0.810372
0.656099
0.740377
0.880706
0.757886
0.613797
0.611568
0.724236
0.56133
0.579276
0.684677
0.616187
0.608856
0.721278
0.826904
0.865196
0.7735
0.861776
1
0.807955
0.645285
0.826804
0.734818
0.709347
0.547564
0.439634
0.286632
0
0.517654
0.412075
0.406716
0.419156
0.399631
0.438858
0.442009
0.446928
0.447389
0.406907
0.438595
0.41098
0.487889
0.490723
0.450633
0.396251
0.417951
0.426948
0.271204
0
0.527864
0.499074
0.547055
0.531886
0.495635
0.441082
0.2949
0.318951
0.449572
0.543361
0.488
0.375419
0.435952
0.362633
0.460281
0.65845
0.67608
0.616933
0.586832
0.564646
0.598804
0.573122
0.542934
0.610205
0.64427
0.619013
0.625363
0.65892
0.686954
0.622781
0.609661
0.605976
0.637515
0.691874
0.653164
0.599112
0.608444
0.725579
0.740088
0.652975
0.653724
0.640784
0.617422
0.582905
0.546125
0.46549
0.547568
0.49232
0.435643
0.458195
0.45837
0.492696
0.624458
0.489378
0.676457
0.520245
0.526732
0.471803
0.746416
0.541273
0.392492
0.581194
0.750747
0.597266
0.426519
0.49846
0.736669
0.59933
0.625317
0.619402
0.73172
0.572797
0.476427
0.5062
0.607337
0.604842
0.594712
0.581342
0.605113
0.568953
0.537072
0.548084
0.645187
0.648048
0.612353
0.67912
0.707645
0.597207
0.611311
0.646554
0.675413
0.691451
0.683992
0.640279
0.776831
0.628703
0.529033
0.557123
0.773342
0.620387
0.559167
0.499221
0.370518
0.572501
0.491938
0.495327
0.537338
0.597229
0.527728
0.502253
0.445602
0.454608
0.387342
0.368062
0.365492
0.372411
0.392693
0.372838
0.38946
0.392913
0.463959
0.446575
0.466751
0.492183
0.481342
0.414523
0.399968
0.476322
0.462939
0.510228
0.474359
0.427611
0.439361
0.437678
0.308599
0.691756
0.428341
0.51217
0.407952
0
0.345559
0.319786
0.402013
0.543489
0.540939
0.767601
0.763385
0.555948
0.584553
0.711604
0.613282
0.568679
0.646549
0.614654
0.638702
0.605158
0.641836
0.630309
0.541614
0.596454
0.484042
0.656108
0.735554
0.767463
0.738037
0.780411
0.762801
0.667213
0.657232
0.687379
0.688472
0.713465
0.842137
0.803657
0.815415
0.743486
0.837536
0.860218
0.702909
0.598444
0.720088
0.541581
0.716522
0.824392
0.597144
0.638901
0.585473
0.638365
0.537953
0.523599
0.607298
0.588415
0.571002
0.698611
0.699872
0.765001
0.752281
0.764033
0.833258
0.748686
0.590228
0.713964
0.676179
0.647341
0.548356
0.427783
0.303363
0
0.51276
0.38999
0.394206
0.358696
0.357357
0.377156
0.393156
0.381419
0.37703
0.354151
0.322392
0.362434
0.39742
0.36537
0.343504
0.377949
0.393823
0.253421
0
0.539079
0.545469
0.517337
0.518318
0.535113
0.471892
0.332139
0.311103
0.408367
0.492526
0.450862
0.375367
0.381457
0.336704
0.437988
0.646557
0.666478
0.645823
0.580428
0.569639
0.618655
0.530651
0.512222
0.611114
0.617874
0.549413
0.563857
0.567492
0.613507
0.604383
0.59135
0.621027
0.641955
0.694657
0.678115
0.631285
0.574701
0.683595
0.729879
0.653677
0.631647
0.633162
0.596155
0.582067
0.525714
0.510055
0.60807
0.504594
0.458336
0.490693
0.466696
0.48665
0.617793
0.492652
0.643964
0.545082
0.576585
0.551244
0.765851
0.639544
0.487163
0.605617
0.839913
0.657875
0.458133
0.504011
0.758691
0.624945
0.658604
0.675423
0.741424
0.564647
0.496326
0.500922
0.576866
0.571753
0.542353
0.535777
0.59125
0.495625
0.474924
0.46982
0.539992
0.516796
0.575705
0.617521
0.603513
0.544902
0.54094
0.589944
0.589338
0.639012
0.621453
0.626996
0.70133
0.626111
0.370847
0.3827
0.331565
0.257045
0.414445
0.349257
0.352716
0.260127
