0.515956
0.437863
0.418598
0.401373
0.412755
0.529804
0.438356
0.488087
0.437681
0.443414
0.548009
0.579944
0.54247
0.633671
0.532667
0.405166
0.519865
0.42149
0.383375
0.389211
0.407384
0.415621
0.454788
0.378301
0.39447
0.438677
0.598122
0.699799
0.694058
0.617456
0.803275
0.689888
0.713363
0.61157
0.760077
0.769924
0.560279
0.626326
0.495728
0.605432
0.65054
0.618764
0.582459
0.531997
0.501077
0.568542
0.616061
0.609686
0.541553
0.510599
0.414259
0.623155
0.511161
0.633504
0.627538
0.553695
0.462161
0.546413
0.460612
0.584905
0.559065
0.630934
0.65175
0.646128
0.653571
0.614008
0.675642
0.669382
0.638989
0.611844
0.638295
0.665859
0.628845
0.61237
0.685408
0.814909
0.726603
0.755844
0.622365
0.599833
0.646084
0.545509
0.56207
0.45682
0.409573
0.556759
0.494547
0.471896
0.396625
0.444912
0.481442
0.474759
0.472845
0.434025
0.494929
0.515068
0.549879
0.537543
0.523304
0.568701
0.597527
0.607848
0.57832
0.560144
0.542668
0.487761
0.677715
0.634659
0.631146
0.688591
0.696124
0.706491
0.694548
0.687922
0.570383
0.599654
0.617291
0.587351
0.471605
0.637197
0.596889
0.652951
0.558354
0.543385
0.439086
0.501029
0.422022
0.536906
0.499771
0.467062
0.571876
0.594026
0.50662
0.565204
0.525778
0.533603
0.552488
0.544027
0.515154
0.5592
0.544591
0.521545
0.527894
0.544113
0.540706
0.551471
0.54721
0.544976
0.459663
0.505044
0.507187
0.475788
0.439358
0.544817
0.564971
0.584181
0.587183
0.571921
0.547428
0.633767
0.658859
0.64269
0.664204
0.671113
0.704586
0.675122
0.626971
0.612556
0.582085
0.462828
0.376694
0.428868
0.291527
0.431548
0.502237
0.489807
0.494764
0.386269
0.384356
0.510817
0.472801
0.449657
0.487837
0.629315
0.51196
0.567665
0.576981
0.534504
0.514924
0.536812
0.513345
0.552712
0.454835
0.444251
0.509147
0.627946
0.616986
0.547258
0.424101
0.267887
0.366324
0.390962
0.521801
0.479059
0.422669
0.407578
0.831712
0.398876
0.381586
0.640255
0.55647
0.446013
0.576223
0.638608
0.598799
0.597826
0.498909
0.439167
0.37666
0.459163
0.440861
0.42242
0.392788
0.428921
0.451495
0.510154
0.460829
0.49624
0.53401
0.482559
0.518822
0.556536
0.543946
0.59127
0.545658
0.566798
0.580638
0.56775
0.627608
0.628836
0.583478
0.54324
0.517082
0.511426
0.507102
0.50872
0.614205
0.586252
0.570884
0.601426
0.569401
0.628019
0.617757
0.520589
0.41636
0.318831
0
0.351743
0.341041
0.87228
0.727593
0.554266
1
0.746811
0.580837
0.590378
0.785753
0.662181
0.552976
0.72665
0.632663
0.543538
0.558949
0.496849
0.635277
0.609739
0.634559
0.589927
0.638597
0.405862
0.589824
0.508508
0.595853
0.672848
0.570227
0.678896
0.73889
0.772227
0.863655
0.707679
0.705661
0.822853
0.783182
0.7168
0.656586
0.677188
0.835431
0.771864
0.520901
0.516637
0.433685
0.792961
0.813733
0.602603
0.592049
0.791279
0.887583
0.847535
0.902886
0.775841
0.784214
0.896899
0.899028
0.866264
0.764092
0.724064
0.708215
0.810259
0.482533
0.760733
0.504194
0.824703
0.814138
0.71408
0.717814
0.846232
0.809244
0.715074
0.461866
0.570066
0.576927
0.485754
0.470853
0.381767
0.54405
0.419629
0.402485
0.390092
0.386664
0.471636
0.437031
0.39188
0.379517
0.438223
0.473041
0.501591
0.481649
0.55408
0.49644
0.400947
0.471683
0.429962
0.424421
0.404147
0.43518
0.435623
0.410319
0.389864
0.407972
0.435273
0.496666
0.575826
0.567304
0.509386
0.759886
0.629283
0.6994
0.56162
0.706283
0.707323
0.529717
0.616715
0.525897
0.603038
0.727314
0.665863
0.67016
0.619821
0.628662
0.643859
0.649061
0.674746
0.659223
0.594906
0.481169
0.748956
0.646852
0.762401
0.679419
0.638886
0.505209
0.613991
0.527218
0.695686
0.663229
0.690062
0.718218
0.673885
0.703255
0.671838
0.690075
0.654572
0.576355
0.562436
0.575872
0.609145
0.641132
0.59836
0.651698
0.760134
0.704972
0.737885
0.609449
0.580175
0.656177
0.569579
0.559259
0.425442
0.418661
0.582378
0.523093
0.537061
0.37921
0.434325
0.460182
0.445043
0.454666
0.464004
0.528227
0.567047
0.581118
0.576749
0.577457
0.640678
0.61679
0.576872
0.556856
0.567098
0.602721
0.54623
0.671047
0.658779
0.686317
0.69465
0.70311
0.694858
0.696735
0.681211
0.572198
0.522297
0.571481
0.560438
0.450613
0.632635
0.596717
0.659414
0.563058
0.534315
0.41126
0.477753
0.48615
0.613468
0.556686
0.521637
0.59403
0.572816
0.477446
0.485288
0.437513
0.509324
0.498558
0.571143
0.560097
0.571938
0.551575
0.4958
0.523799
0.53354
0.529989
0.561486
0.572972
0.620829
0.533564
0.559957
0.558841
0.505921
0.461582
0.577927
0.552347
0.578872
0.575691
0.597591
0.539218
0.598807
0.681095
0.651878
0.6213
0.627635
0.70306
0.646551
0.631921
0.614133
0.613525
0.463078
0.40023
0.41608
0.304547
0.426597
0.499162
0.524352
0.571535
0.462126
0.414478
0.533078
0.48614
0.475768
0.495786
0.568997
0.456754
0.547386
0.528533
0.481407
0.464778
0.537754
0.497131
0.533864
0.31215
0.378801
0.466173
0.632938
0.578101
0.56658
0.431676
0.277389
0.380529
0.382253
0.52921
0.471696
0.430168
0.492266
0.836608
0.428118
0.400459
0.708557
0.648637
0.443363
0.642223
0.757091
0.65744
0.564667
0.447014
0.375715
0.425875
0.445984
0.447184
0.539544
0.526729
0.494473
0.510239
0.617935
0.635228
0.736066
0.609097
0.730057
0.669379
0.614193
0.65763
0.670572
0.633178
0.577873
0.510013
0.506574
0.509141
0.502129
0.58994
0.580381
0.57233
0.526869
0.525241
0.558519
0.624306
0.499549
0.461278
0.332228
0
0.374205
0.372886
0.942648
0.839947
0.57314
0.919167
0.928051
0.681271
0.528897
0.524967
0.652924
0.590975
0.678206
0.498907
0.490203
0.572787
0.537897
0.612088
0.575438
0.648483
0.612375
0.601545
0.373631
0.561267
0.579199
0.681003
0.787319
0.607425
0.76367
0.849626
0.787347
0.915516
0.818723
0.835897
0.765165
0.830244
0.683009
0.721076
0.69054
0.701641
0.689626
0.611196
0.571532
0.482095
0.75799
0.790536
0.704894
0.60863
0.794505
0.91913
0.758805
0.880447
0.774501
0.619107
0.697746
0.781445
0.730428
0.696547
0.670253
0.683749
0.751548
0.459586
0.74528
0.492265
0.792739
0.763739
0.65163
0.724205
0.789623
0.744939
0.608644
0.699629
0.709944
0.614803
0.616882
0.599056
