0.501904
0.558766
0.642907
0.533771
0.515464
0.681441
0.608854
0.664907
0.678416
0.727237
0.657318
0.641759
0.654133
0.571647
0.511082
0.453628
0.558766
0.640606
0.705797
0.68947
0.661782
0.639382
0.629136
0.654798
0.604164
0.582291
0.499429
0.501336
0.644753
0.687135
0.647452
0.543115
0.572834
0.560145
0.556483
0.544544
0.545444
0.561602
0.519534
0.527988
0.544049
0.549755
0.569
0.541613
0.591761
0.599273
0.668106
0.632395
0.574739
0.537571
0.646177
0.606035
0.527901
0.635945
0.533771
0.698141
0.56137
0.537571
0.546001
0.522906
0.533202
0.604784
0.689982
0.695257
0.674339
0.574739
0.668103
0.718609
0.714057
0.635945
0.699097
0.711014
0.685207
0.735346
0.705641
0.712403
0.690381
0.755748
0.745713
0.734567
0.681467
0.672274
0.648576
0.620193
0.680453
0.744866
0.859774
0.948209
0.841186
0.766527
0.832185
0.665996
0.70408
0.662807
0.760681
0.846485
0.690395
0.71222
0.811007
0.764751
0.819201
0.784905
0.683467
0.67639
0.789337
0.751705
0.851853
0.822737
0.821112
0.830007
0.798899
0.716032
0.706907
0.531021
0.762407
0.609858
0.522605
0.757938
0.631067
0.661367
0.586959
0.676956
0.657038
0.54907
0.641092
0.616873
0.641594
0.643816
0.789202
0.789331
0.823305
0.867522
0.801469
0.773546
0.899779
0.868238
0.773815
0.770722
0.831415
0.848025
0.849643
0.830504
0.740375
0.640217
0.701487
0.687664
0.838647
0.827357
0.801858
0.928265
0.769346
0.735549
0.472562
0
0.377818
0.578645
0.756216
0.41227
0.639622
0.935848
0.630534
0.68705
0.859061
0.857487
0.980556
0.813343
0.777809
0.78433
0.83545
0.896223
0.775872
0.616876
0.682638
0.602719
0.43179
0.405673
0.601106
0.575125
0.687201
0.616478
0.708745
0.756252
0.645407
0.712335
0.605578
0.569899
0.423128
0.265885
0.283623
0.334001
0.486154
0.575534
0.4171
0.423636
0.527182
0.429396
0.584155
0.637049
0.539114
0.620369
0.657176
0.713125
0.660941
0.805452
0.709255
0.680225
0.816498
0.828853
0.729263
0.676701
0.762592
0.729961
0.829896
0.695347
0.730449
0.734156
0.716613
0.747371
0.605876
0.575144
0.572434
0.435783
0.462078
0.492534
0.555773
0.565539
0.586376
0.549422
0.456611
0.613551
0.687662
0.621809
0.63474
0.765627
0.718606
0.803228
0.809444
0.778675
0.76169
0.725137
0.664036
0.64648
0.62811
0.737921
0.752068
0.867556
0.890719
0.725142
0.656647
0.496588
0.385151
0.552238
0.530509
0.767545
0.862951
0.766522
0.719879
0.839994
0.798326
0.658486
0.604571
0.712314
0.797989
0.771097
0.601982
0.654671
0.655021
0.722861
0.826262
0.786088
0.768689
0.839713
0.775828
0.78681
0.705088
0.771575
0.807249
0.660532
0.642331
0.815422
0.819597
0.723211
0.734214
0.838099
0.876299
0.828707
0.845616
0.846481
0.800018
0.761751
0.72251
0.869882
0.835345
0.85942
0.89078
0.870447
0.848002
0.64024
0.724877
0.817862
0.748586
0.680061
0.55751
0.4678
0.451822
0.692566
0.896162
0.839384
0.774706
0.649568
0.649213
0.633746
0.869484
0.666482
0.762714
0.739177
0.778431
0.749014
0.735354
0.799603
0.811695
0.648256
0.659718
0.779385
0.706125
0.708415
0.768415
0.624415
0.721818
0.633784
0.539105
0.532235
0.626308
0.637462
0.605395
0.728752
0.79758
0.657734
0.604293
0.622694
0.567293
0.511082
0.525895
0.571051
0.450066
0.535965
0.643202
0.684334
0.662429
0.712416
0.722091
0.800543
0.767644
0.759454
0.804238
0.801309
0.722883
0.708411
0.733505
0.643721
0.551185
0.588845
0.675225
0.716478
0.690095
0.741401
0.700218
0.85496
0.72654
0.789483
0.674091
0.74183
0.881924
0.872311
0.832479
0.868308
0.873453
0.808601
0.812347
0.824934
0.758935
0.792524
0.717315
0.739282
0.713832
0.733704
0.738528
0.773341
0.799398
0.699468
0.770253
0.663759
0.627805
0.796203
0.863697
0.752158
0.65553
0.713449
0.718466
0.734352
0.728722
0.711352
0.664399
0.651653
0.594549
0.519385
0.634463
0.702797
0.781442
0.701679
0.649848
0.617322
0.842202
0.853286
0.81434
0.794094
0.911965
0.780409
0.803331
0.795691
0.685363
0.575265
0.628079
0.710595
0.785579
0.784105
0.815874
0.858729
0.874059
0.824665
0.773029
0.822475
0.745102
0.770974
0.806705
0.665216
0.786724
0.642971
0.678975
0.762916
0.87305
0.841634
0.914226
0.955019
0.780219
0.924408
0.963109
0.823725
0.769783
0.834157
0.849143
0.84056
0.878017
0.816617
0.897558
0.766436
0.868564
0.855935
0.801705
0.967553
0.904341
1
0.921838
0.91027
0.859479
0.866416
0.859227
0.764267
0.827817
0.816396
0.829473
0.717967
0.742801
0.739588
0.693249
0.820441
0.661737
0.862599
0.715884
0.697182
0.682466
0.548486
0.668103
0.686454
0.680453
0.543115
0.612575
0.574739
0.602021
0.585202
0.529881
0.494605
0.508842
0.543115
0.499513
0.446382
0.438596
0.515464
0.579288
0.517608
0.632395
0.580782
0.577783
0.486889
0.489511
0.415882
0.484213
0.537571
0.640606
0.600667
0.513289
0.657416
0.734567
0.789236
0.749922
0.814809
0.739749
0.73889
0.77517
0.759042
0.743167
0.759042
0.790006
0.6312
0.686454
0.633583
0.703839
0.650812
0.717703
0.731076
0.669151
0.708519
0.660663
0.721315
0.768786
0.767981
0.771989
0.749922
0.769588
0.730199
0.635945
0.670195
0.766369
0.755748
0.822837
0.822837
0.759862
0.858736
0.851853
0.834321
0.824284
0.769588
0.77119
0.703839
0.726669
0.6312
0.657416
0.527901
0.608673
0.586654
0.551978
0.612575
0.560425
0.453628
0.475829
0.541287
0.466828
0.446382
0.535682
0.61768
0.640606
0.596556
0.672274
0.562069
0.662807
0.671236
0.622681
0.586654
0.566917
0.638286
0.661737
0.745713
0.662807
0.609981
0.604705
0.662807
0.765561
0.565315
0.576267
0.664937
0.504254
0.565315
0.727555
0.710374
0.737166
0.705718
0.749922
0.873641
0.817741
0.777542
0.724893
0.70195
0.732826
0.700051
0.627584
0.633583
0.574739
0.570083
0.6312
0.680453
0.642907
0.677411
0.725782
0.651923
0.702896
0.737166
0.742315
0.77039
0.777542
0.839984
0.83361
0.81993
0.8126
0.733698
0.749083
0.848384
0.746558
0.77517
0.84908
0.844198
0.744017
0.808156
0.869206
0.818472
0.68843
0.706654
0.837159
0.810382
0.697182
0.708519
0.8126
0.802174
0.707588
0.680453
0.849774
0.731076
0.767981
0.823561
0.815543
0.824284
0.873641
0.878985
0.85805
0.879651
0.98258
0.904728
0.872101
0.856503
0.729998
0.819794
0.731184
0.764637
0.693172
0.840813
0.876298
0.725782
0.658502
0.616414
0.710374
0.821385
0.70478
0.789236
0.776753
0.750759
0.622681
0.595169
0.667051
0.641759
0.767176
0.831471
0.862832
0.933657
0.895876
0.885921
0.899346
0.969987
0.928783
0.865602
0.871627
0.846295
0.816277
0.650812
0.635945
0.563699
0.535682
0.570083
0.595169
0.6312
0.69429
0.635945
0.527901
0.586654
0.537571
0.541287
0.613861
0.741461
0.767401
0.789314
0.827138
0.801712
0.871264
0.868093
0.907997
0.882617
0.881643
0.754139
0.742315
0.736302
0.755748
0.71283
0.763347
0.732715
0.675142
0.671236
0.718609
0.626367
0.648576
0.675366
0.77517
0.684466
0.62144
0.803676
0.81993
0.798454
0.734473
0.831425
0.857097
0.792994
0.798129
0.864371
0.838983
0.786803
0.787449
0.793306
0.880024
0.821707
0.902801
0.914572
0.87878
0.929962
0.936942
0.916836
0.888247
0.832898
0.902955
0.869333
0.706654
0.611281
0.730199
0.58953
0.702896
0.721315
0.84908
0.798256
0.789236
0.883549
0.908783
0.822245
0.795518
0.854093
0.810231
0.690021
0.73314
0.753459
0.762275
0.770731
0.762684
