0.598008
0.700705
0.709868
0.840635
0.769067
0.729093
0.702176
0.75281
0.774134
0.753128
0.746359
0.834646
0.81272
0.738033
0.847899
0.799425
0.740615
0.652217
0.6981
0.552155
0.5181
0.518999
0.491388
0.576452
0.492505
0.51197
0.525409
0.680775
0.649062
0.772872
0.832286
0.587446
0.520771
0.584972
0.610704
0.539484
0.569756
0.484449
0.426012
0.376432
0.415699
0.512921
0.568827
0.509509
0.484605
0.464137
0.424554
0.498947
0.496956
0.532491
0.449625
0.414412
0.450218
0.540513
0.551904
0.564604
0.68699
0.794208
0.645623
0.660224
0.757785
0.721645
0.67218
0.652305
0.856377
0.7558
0.78232
0.620821
0.468095
0.689665
0.471473
0.598455
0.731714
0.70802
0.704023
0.735575
0.87517
0.743237
0.71739
0.723512
0.676686
0.659367
0.597463
0.616147
0.715654
0.668891
0.722293
0.794255
0.861553
0.692962
0.621269
0.637192
0.455022
0.422767
0.425126
0.485141
0.49649
0.469713
0.459641
0.424994
0.49353
0.419287
0.421236
0.31319
0
0.45914
0.474781
0.656617
0.588236
0.716163
0.702839
0.850783
0.759806
0.67753
0.619662
0.672935
0.721475
0.617576
0.633264
0.42785
0.348335
0
0.492367
0.518138
0.545724
0.515315
0.653435
0.565692
0.422173
0.406493
0.456178
0.371015
0.327793
0.553212
0.596585
0.454328
0.443486
0.540893
0.633999
0.565235
0.698757
0.702085
0.811355
0.766292
0.778419
0.738254
0.790411
0.724831
0.738504
0.803355
0.773198
0.828192
0.864482
0.830843
0.711475
0.636832
0.53912
0.564769
0.520959
0.655908
0.593612
0.496599
0.481707
0.47148
0.426425
0.426893
0.415009
0
0.3545
0.561012
0.833201
0.544602
0.716367
0.878803
0.870606
0.832886
0.744913
0.87208
0.769429
0.677803
0.767973
0.828125
0.770321
0.711273
0.694705
0.808016
0.772276
0.76292
0.739819
0.808928
0.743598
0.790421
0.822525
0.773439
0.744988
0.827332
0.622031
0.752196
0.595216
0.696738
0.912577
0.730471
0.696746
0.820946
1
0.745825
0.662406
0.673839
0.729864
0.70403
0.73056
0.650891
0.697497
0.732133
0.652754
0.668682
0.613801
0.572065
0.531806
0.471915
0.6623
0.774242
0.712738
0.641494
0.736896
0.765271
0.892258
0.931811
0.740809
0.761873
0.65125
0.730752
0.836277
0.675309
0.635801
0.655189
0.763287
0.826713
0.746054
0.608482
0.766581
0.817646
0.651979
0.577189
0.616281
0.754486
0.626194
0.648955
0.713434
0.686025
0.613176
0.712334
0.805993
0.7189
0.751993
0.634817
0.685812
0.708722
0.657334
0.741174
0.705314
0.666702
0.772369
0.782164
0.772295
0.665553
0.603354
0.626538
0.655587
0.616377
0.659404
0.771854
0.846178
0.822943
0.715706
0.79916
0.817986
0.842901
0.828278
0.820378
0.844087
0.802826
0.737521
0.708205
0.530276
0.450642
0.36889
0.344887
0.413507
0.388029
0.38486
0.403817
0.38218
0.379794
0.375415
0.414359
0.43958
0.457847
0.619478
0.683352
0.688139
0.773593
0.749936
0.647143
0.663612
0.748664
0.76282
0.667087
0.803205
0.780373
0.735034
0.73715
0.744274
0.760458
0.677668
0.783454
0.829776
0.748141
0.713156
0.678649
