0.265568
0.319186
0.430759
0.390859
0.445613
0.375847
0.441228
0.444016
0.5158
0.560878
0.542445
0.561448
0.574506
0.496864
0.43169
0.604639
0.528319
0.371672
0.276277
0.437
0.429922
0.422398
0.319602
0.308127
0.309213
0.31507
0.393892
0.507593
0.381667
0.535089
0.6015
0.576062
0.643304
0.448574
0.474665
0.445351
0.514913
0.577481
0.593693
0.62049
0.487035
0.307535
0.375444
0.368492
0.359107
0.568999
0.498373
0.455298
0.50356
0.461979
0.41742
0.461434
0.37222
0.381109
0.48045
0.441289
0.389342
0.456771
0.353069
0.410942
0.362131
0.32479
0.364415
0.372994
0.475332
0.486462
0.511752
0.547052
0.412883
0.299854
0
0.358284
0.519097
0.36695
0.626526
0.680901
0.647284
0.736955
0.718668
0.713001
0.691423
0.777905
0.696488
0.778635
0.681506
0.695901
0.557637
0.625098
0.382729
0.372071
0.437608
0.32124
0.44521
0.38963
0.375415
0.345573
0.319775
0.439963
0.33466
0.277669
0.386725
0.588756
0.613532
0.412111
0.505211
0.670682
0.662681
0.559386
0.404605
0.38465
0.405815
0.398912
0.46599
0.373006
0.45367
0.4177
0.351582
0.340105
0.336304
0.32857
0.449511
0.428521
0.518196
0.47227
0.446911
0.499039
0.511472
0.468018
0.370937
0.495697
0.531437
0.454847
0.449724
0.411189
0.422097
0.422494
0.369819
0.469956
0.403614
0.504873
0.476457
0.339953
0.393056
0.29584
0.270806
0.248388
0.21336
0.372478
0.561592
0.521431
0.505739
0.53156
0.713
0.729114
0.784046
0.788871
0.891401
0.959112
0.81161
0.722143
0.898762
0.904392
0.698183
0.544832
0.44808
0.54329
0.501057
0.479513
0.36191
0.343753
0.347201
0.362603
0.490771
0.654881
0.457231
0.678167
0.719023
0.765872
0.714252
0.518232
0.595444
0.596782
0.799784
0.741677
0.6851
0.754637
0.608403
0.422851
0.489061
0.469333
0.43239
0.676547
0.581867
0.494846
0.56367
0.522178
0.479446
0.548046
0.428688
0.431512
0.534331
0.521778
0.419171
0.484938
0.384134
0.409622
0.377357
0.342258
0.396445
0.400502
0.45984
0.529948
0.549549
0.572753
0.401105
0.349517
0
0.375292
0.553654
0.393625
0.602272
0.534482
0.643893
0.763765
0.624324
0.524442
0.658876
0.768839
0.739686
0.893698
0.81381
0.770793
0.565434
0.67285
0.460416
0.417756
0.580889
0.369801
0.554043
0.462441
0.375085
0.326039
0.338113
0.50456
0.406657
0.330522
0.464396
0.647367
0.686293
0.426931
0.502716
0.712059
0.7333
0.645777
0.454995
0.409529
0.428504
0.407664
0.528716
0.428136
0.562336
0.453754
0.383693
0.362569
0.337418
0.318971
0.450039
0.425398
0.510188
0.495666
0.437561
0.495007
0.549803
0.504978
0.383332
0.464355
0.450954
0.40088
0.477394
0.420254
0.42985
0.450746
0.446247
0.595307
0.521436
0.773062
0.748374
0.651422
0.753271
0.595454
0.71485
0.584651
0.370943
0.365713
0.59094
0.56321
0.52366
0.487828
0.704511
0.699457
0.643227
0.711721
0.880285
1
0.751356
0.630554
0.815871
0.856525
0.658119
0.498785
0.425393
0.502945
0.428889
0.39717
0.307445
0.300943
0.312676
0.345141
0.418868
0.592152
0.421195
0.585073
0.646152
0.646425
0.561268
0.434159
0.532354
0.556035
0.743622
0.583537
0.605994
0.721461
0.53732
0.376411
0.402934
0.375937
0.328443
0.290001
0.25717
0.258298
0.281001
0.340007
0.378355
0.428527
0.363392
0.360561
0.375371
0.39625
0.341631
0.315924
0.300246
0.309022
0.272335
0.264874
0.300845
0.313746
0.301672
0.32038
0.369574
0.39681
0.361764
0.314704
0
0.266665
0.440328
0.358207
0.396969
0.318897
0.562156
0.506471
0.344325
0.315502
0.474585
0.43462
0.566901
0.55236
0.471198
0.486162
0.455993
0.543241
0.449397
0.409539
0.458664
0.315115
0.471636
0.402443
0.32919
0.295506
0.291626
0.34659
0.247506
0.241779
0.319884
0.406578
0.4068
0.319241
0.377177
0.376591
0.372512
0.404606
0.357367
0.344433
0.435501
0.419948
0.51275
0.373011
0.440138
0.400784
0.339075
0.331753
0.310522
0.29421
0.333034
0.341794
0.365487
0.355421
0.358213
0.380739
0.409544
0.405257
0.323881
0.327584
0.330837
0.326487
0.392876
0.390889
0.402359
0.443449
0.407667
0.585446
0.501755
0.6338
0.706691
0.65163
0.713463
0.636825
0.784006
0.696433
0.402232
