0.562002
0.532428
0.604623
0.820309
0.745178
0.673
0.688395
0.696482
0.753489
0.724021
0.692538
0.625988
0.556816
0.402028
0.623046
0.669861
0.602058
0.767451
0.85393
0.701224
0.833062
0.834453
0.721876
0.791974
0.735213
0.618378
0.794553
0.611367
0.632512
0.52936
0.513003
0.708786
0.828777
0.769605
0.717732
0.829967
0.690889
0.612561
0.582974
0.589691
0.697272
0.785848
0.596511
0.761735
0.694449
0.463668
0.603442
0.457256
0.837271
0.62944
0.350452
0.422654
0.601379
0.477512
0.626373
0.765169
0.598316
0.800913
0.635791
0.600196
0.767606
0.755132
0.717018
0.775384
0.656205
0.719055
0.707031
0.723827
0.778646
0.709573
0.727603
0.871438
0.868659
0.757521
0.504426
0.675594
0.515867
0.456756
0.389601
0.488345
0.531351
0.565494
0.74116
0.828785
0.722804
0.781589
0.693703
0.649106
0.649086
0.612605
0.590814
0.563906
0.598472
0.67095
0.715497
0.756022
0.66895
0.863922
0.853726
0.872437
0.675396
0.683533
0.802401
0.626684
0.592285
0.645814
0.545673
0.534513
0.700145
0.697257
0.588752
0.612559
0.664318
0.621749
0.609212
0.744078
0.683861
0.70173
0.776266
0.857354
0.882511
0.86619
0.837181
0.810498
0.765556
0.752511
0.921392
0.824226
0.593664
0.857149
0.720171
0.595638
0.67201
0.642388
0.763162
0.658947
0.761095
0.772691
0.812516
0.875569
0.743228
0.723643
0.628144
0.651106
0.688064
0.777462
0.767466
0.653002
0.707058
0.680224
0.661353
0.827446
0.726917
0.58913
0.696173
0.676905
0.469112
0.47511
0.701801
0.631834
0.446972
0.502459
0.480169
0.425717
0.548059
0.371865
0
0.566443
0
0.566481
0.69668
0.776157
0.807481
0.720724
0.700974
0.703142
0.6353
0.627666
0.674659
0.670569
0.608764
0.554557
0.71924
0.687996
0.566262
0.619291
0.824437
0.65918
0.682055
0.608727
0.636393
0.776802
0.692064
0.799923
0.697465
0.830671
0.842239
0.84685
0.698376
0.896278
0.697056
0.609457
0.686234
0.84802
0.803895
0.78418
0.828183
0.890578
0.864363
0.941858
0.872675
0.869163
0.898801
0.802508
0.77832
0.754373
0.924568
0.74112
0.752504
0.667969
0.711818
0.688824
0.694763
0.812316
0.904565
0.832765
0.739868
0.584301
0.464394
0.356891
0.311481
0.421729
0.391389
0.446475
0.502238
0.708797
0.733935
0.797574
0.837585
0.783232
0.634586
0.719634
0.707988
0.743276
0.785986
0.784922
0.671877
0.750805
0.711268
0.766503
0.767181
0.702209
0.81535
0.869687
0.768014
0.782858
0.913238
0.859965
0.744127
0.794618
0.897302
0.83034
0.685594
0.772014
0.803323
0.832213
0.787301
0.810488
0.805348
0.863265
0.821222
0.701986
0.691756
0.517282
0.477206
0.599025
0.724491
0.689655
0.84463
0.789155
0.708807
0.628907
0.654305
0.716348
0.690413
0.709212
0.561163
0.553494
0.388911
0.66355
0.642128
0.558921
0.760983
0.805939
0.608286
0.903581
0.84604
0.73573
0.792877
0.734298
0.610165
0.810667
0.579153
0.599925
0.468904
0.488956
0.683034
0.732695
0.766912
0.694482
0.757281
0.843616
0.772624
0.601086
0.626365
0.709948
0.799073
0.726724
0.920166
0.813778
0.653198
0.56171
0.417897
0.763055
0.614966
0.374722
0.394209
0.613367
0.545706
0.672491
0.663534
0.753157
0.796395
0.708817
0.656858
0.789229
0.824165
0.754287
0.756249
0.697489
0.749901
0.791915
0.820914
0.8874
0.741238
0.667658
0.852444
0.880108
0.708721
0.434619
0.617903
0.484181
0.506804
0.382516
0.488604
0.556134
0.613451
0.758733
0.782327
0.683806
0.720949
0.644832
0.6148
0.681573
0.695277
0.669167
0.628753
0.710276
0.72868
0.721175
0.7973
0.698937
0.877919
0.861805
0.882191
0.674946
0.680099
0.830583
0.605503
0.583896
0.625192
0.655808
0.607833
0.702098
0.78314
0.703595
0.654502
0.639721
0.578407
0.571718
0.713788
0.703425
0.746677
0.795361
0.916132
0.941799
0.777888
0.825939
0.825445
0.740278
0.72797
0.919451
0.811839
0.686261
0.868878
0.799165
0.644246
0.642556
0.713234
0.716088
0.698116
0.776571
0.77859
0.850166
0.888241
0.770254
0.71274
0.615822
0.55948
0.705996
0.735872
0.690847
0.662337
0.714102
0.680413
0.683506
0.767859
0.684121
0.645333
0.727081
0.699756
0.442966
0.422538
0.693535
0.656742
0.567427
0.427583
0.435395
0.395362
0.561847
0.378644
0
0.560341
0
0.480084
0.62215
0.815045
0.874709
0.757242
0.828387
0.737781
0.717683
0.67105
0.734566
0.686935
0.721618
0.704632
0.71994
0.580743
0.515451
0.649881
0.739528
0.581599
0.649171
0.549497
0.585064
0.599972
0.641765
0.75637
0.637022
0.807197
0.797096
0.846797
0.756269
0.919367
0.773381
0.561511
0.650046
0.76883
0.766183
0.770749
0.802573
0.860696
0.887591
0.866749
0.95601
1
0.994801
0.919449
0.94238
0.862631
0.976373
0.796648
0.750352
0.658136
0.627166
0.668191
0.656433
0.820915
0.881416
0.849842
0.778689
0.487957
0.507421
0.427161
0.393261
0.480948
0.456877
0.514152
0.595263
0.642578
0.768297
0.953528
0.905583
0.644807
0.597257
0.672516
0.693832
0.737915
0.800227
0.86659
0.783198
0.794637
0.730334
0.767225
0.807971
0.75449
0.885881
0.919592
0.89702
0.831945
0.943771
0.86844
0.773153
0.820208
0.934761
0.907641
0.752331
0.810287
0.749543
0.850636
0.774131
0.792616
0.76316
0.836612
0.796872
0.63248
0.558784
0.501116
0.47105
