0.565248
0.544999
0.536968
0.516699
0.536377
0.516804
0.524494
0.446789
0.46051
0.471378
0.545111
0.5604
0.600878
0.590797
0.456315
0.49955
0.556742
0.585678
0.582544
0.584399
0.72073
0.718179
0.75935
0.730478
0.693663
0.711748
0.844743
0.864707
0.867245
0.836441
0.948369
0.931201
0.970072
0.965336
0.984021
0.957931
0.894732
0.969774
0.972812
0.901248
0.788377
0.875188
0.736529
0.745385
0.771096
0.740783
0.777957
0.794325
0.65446
0.66787
0.608347
0.724436
0.727424
0.684857
0.709411
0.734515
0.688056
0.654587
0.575063
0.55639
0.63683
0.495842
0.452768
0.49571
0.490868
0.563709
0.57839
0.612726
0.538657
0.532033
0.552225
0.565117
0.533107
0.49105
0.516815
0.501063
0.565547
0.555866
0.479499
0.524578
0.592979
0.586259
0.544954
0.577201
0.627188
0.649761
0.658606
0.672593
0.731445
0.85618
0.804396
0.807651
0.849814
0.878017
0.927635
0.838086
0.876205
0.895685
0.912952
0.822756
0.8231
0.883783
0.792587
0.794271
0.801653
0.636638
0.780386
0.723093
0.570043
0.558211
0.38305
0.517184
0.496207
0.535368
0.598124
0.643219
0.72575
0.587599
0.731075
0.791201
0.772263
0.781263
0.737631
0.616493
0.66689
0.658464
0.683199
0.587823
0.491293
0.394774
0
0.322094
0.443058
0.572137
0.58359
0.481668
0.556095
0.462463
0.489932
0.498104
0.541521
0.507376
0.50018
0.563463
0.512144
0.599484
0.506631
0.658578
0.617161
0.61343
0.601775
0.667562
0.672069
0.607118
0.672013
0.656557
0.523622
0.635211
0.651864
0.658454
0.608907
0.666383
0.662561
0.633338
0.569491
0.602794
0.558187
0.567
0.51057
0.439966
0.446676
0.576163
0.596163
0.589292
0.628498
0.63584
0.625315
0.569939
0.636952
0.546323
0.571553
0.432311
0.633961
0.400467
0.455207
0.609059
0.565129
0.50658
0.562919
0.637023
0.551068
0.546445
0.521355
0.543076
0.559458
0.539931
0.58937
0.604345
0.630397
0.694098
0.701735
0.679413
0.658019
0.704718
0.759562
0.807265
0.896705
0.820244
0.932825
0.829495
0.875503
0.691295
0.560296
0.608734
0.592605
0.479886
0.425034
0.715631
0.661181
0.582056
0.579585
0.638643
0.622292
0.66888
0.731447
0.606912
0.76893
0.855576
0.594049
0.650435
0.722842
0.777029
0.775596
0.753502
0.910916
0.787618
0.890851
0.729409
0.717325
0.6569
0.649082
0.67455
0.584431
0.675737
0.708538
0.645729
0.718218
0.838269
0.788081
0.914949
0.84532
0.922774
0.844283
0.769547
0.692544
0.747964
0.811557
0.797003
0.86482
0.857438
0.816993
0.865685
0.93203
0.98492
0.86091
1
0.987258
0.937732
0.982485
0.73016
0.861889
0.823027
0.731699
0.744122
0.689329
0.722766
0.641721
0.528576
0.554859
0.658525
0.584605
0.664554
0.706032
0.679118
0.662612
0.692034
0.755986
0.685887
0.754635
0.840638
0.734702
0.777487
0.894337
0.605069
0.601139
0.817009
0.717951
0.555903
0.631346
0.553621
0.466108
0.626566
0.599288
0.710884
0.598612
