0.533011
0.522415
0.65298
0.684392
0.643247
0.598178
0.428082
0.558155
0.507124
0.507902
0.528061
0.536988
0.573212
0.485607
0.637463
0.691836
0.628447
0.724888
0.720043
0.686473
0.728565
0.597751
0.483064
0.491056
0.540007
0.537089
0.510226
0.572055
0.62987
0.627321
0.571139
0.618208
0.599063
0.575113
0.622329
0.621639
0.583866
0.553926
0.586151
0.590028
0.604228
0.608674
0.610212
0.668044
0.633047
0.700686
0.749519
0.711756
0.690222
0.609837
0.701156
0.64574
0.622664
0.548836
0.684514
0.749979
0.692816
0.686607
0.728173
0.699078
0.631717
0.640671
0.592439
0.618897
0.58436
0.598404
0.543717
0.541055
0.474864
0.554074
0.533023
0.527502
0.514188
0.511021
0.518424
0.454815
0.417806
0.378619
0.396424
0.394419
0.512179
0.541247
0.466267
0.463646
0.510954
0.468246
0.457299
0.532362
0.478416
0.472186
0.442722
0.471315
0.471523
0.341576
0
0.340706
0.476175
0.450345
0.477123
0.466829
0.568287
0.630823
0.636344
0.524308
0.707541
0.683963
0.675857
0.623714
0.711761
0.718071
0.67282
0.665094
0.588685
0.573064
0.592093
0.721378
0.642248
0.705019
0.728032
0.700898
0.638724
0.695697
0.719846
0.647303
0.613236
0.542046
0.55321
0.628824
0.670403
0.611402
0.587013
0.680183
0.653699
0.638993
0.583201
0.592953
0.557311
0.521916
0.524472
0.544614
0.58152
0.618563
0.536308
0.520749
0.625621
0.488739
0.644123
0.596778
0.712703
0.628018
0.614739
0.502486
0.452131
0.345994
0.407581
0.509755
0.522666
0.569709
0.494516
0.522032
0.502007
0.468043
0.519958
0.473736
0.556318
0.55319
0.578879
0.641197
0.708694
0.766714
0.701686
0.731373
0.807757
0.841194
0.92991
0.886042
0.904507
0.923001
0.939947
0.868245
0.863373
0.877205
0.85281
0.777106
0.823746
0.749405
0.791848
0.753265
0.73757
0.844954
0.869832
0.84425
0.822255
0.87789
0.940324
0.822255
0.768891
0.780353
0.785982
0.879939
0.65694
0.776291
0.933162
0.823201
0.726375
0.632028
0.528206
0.585121
0.627318
0.540619
0.462137
0.502161
0.550215
0.436774
0.403074
0.393226
0.416518
0.375543
0.378478
0.402569
0.470988
0.52039
0.526441
0.496043
0.653508
0.624432
0.744809
0.848815
0.900751
0.803853
0.819504
0.957905
0.891488
0.793914
0.656282
0.631329
0.761368
0.843515
0.691588
0.703517
0.870323
0.822255
0.811705
0.849964
0.87652
0.926919
0.926919
0.969661
0.971505
0.962478
0.852038
0.931322
0.877731
0.880819
0.841962
0.856385
0.796575
0.758949
0.725544
0.697743
0.625605
0.581655
0.70658
0.727371
0.654424
0.587533
0.663103
0.719576
0.614937
0.561341
0.564082
0.560026
0.654484
0.596136
0.613675
0.598315
0.527269
0.529989
0.521066
0.682851
0.633209
0.612603
0.649767
0.657156
0.685393
0.77051
0.736616
0.694606
0.730769
0.821118
0.744314
0.75069
0.699421
0.764133
0.657878
0.663839
0.531758
0.653629
0.717783
0.633214
0.674876
0.645674
0.670294
0.605533
0.61848
0.655902
0.634356
0.637821
0.645134
0.692576
0.626627
0.573776
0.728441
0.648997
0.585642
0.655695
0.620964
0.542869
0.667757
0.719787
0.581551
0.478014
0.522632
0.591315
0.413919
0.559104
0.581717
0.564787
0.590793
0.678739
0.741693
0.753115
0.725321
0.528259
0.576542
0.547213
0.479482
0.572785
0.571947
0.572381
0.568707
0.711423
0.73119
0.640143
0.773854
0.67742
0.654696
0.67824
0.590062
0.59048
0.495996
0.472375
0.512936
0.533142
0.550851
0.622418
0.617767
0.608502
0.629732
0.612944
0.608294
0.554434
0.621892
0.605871
0.510039
0.566409
0.589077
0.603796
0.619632
0.626815
0.630499
0.597009
0.667593
0.693526
0.752347
0.731133
0.586975
0.674854
0.609144
0.660678
0.591556
0.637679
0.69869
0.732863
0.735461
0.708114
0.691797
0.668247
0.659046
0.563125
0.575896
0.576842
0.558742
0.500015
0.545381
0.451841
0.543793
0.554014
0.566793
0.52896
0.499673
0.550497
0.506652
0.470018
0.395113
0.396746
0.540833
0.541448
0.393344
0.412203
0.548638
0.477873
0.494607
0.548788
0.536201
0.507089
0.531411
0.608514
0.542593
0.470602
0.506018
0.477938
0.462643
0.40031
0.384816
0.547066
0.355439
0
0.342848
0.521346
0.475342
0.496947
0.522758
0.672592
0.633134
0.67133
0.596631
0.714621
0.710055
0.730283
0.701894
0.733234
0.735908
0.710466
0.680348
0.603878
0.618985
0.63414
0.714414
0.648734
0.705445
0.727601
0.670621
0.700642
0.722541
0.751595
0.704953
0.642309
0.551398
0.525897
0.615905
0.667523
0.633134
0.597297
0.676474
0.662614
0.638365
0.623106
0.659251
0.595756
0.551287
0.543835
0.552617
0.594059
0.634161
0.609303
0.586639
0.664587
0.483695
0.727622
0.674168
0.760655
0.69289
0.671632
0.534062
0.481296
0.369918
0.399025
0.490542
0.521917
0.504512
0.528311
0.47562
0.42678
0.4723
0.440502
0.440174
0.507162
0.594975
0.59177
0.68468
0.740476
0.788975
0.724386
0.749398
0.851916
0.849704
0.980477
0.979459
0.973346
0.952169
0.971505
0.919815
0.909375
0.892789
0.888081
0.822255
0.847822
0.764727
0.842794
0.834617
0.71326
0.825956
0.930129
0.853258
0.835533
0.927562
0.947898
0.847106
0.795485
0.813983
0.806838
0.872314
0.676978
0.801272
0.915838
0.814728
0.788885
0.635567
0.535042
0.599841
0.643671
0.574398
0.493346
0.526399
0.558034
0.459597
0.42979
0.41191
0.404114
0.385533
0.400646
0.422128
0.479172
0.559614
0.520019
0.507318
0.642371
0.626429
0.733838
0.858816
0.906328
0.816414
0.820193
0.902782
0.839177
0.729885
0.61189
0.597975
0.723467
0.748538
0.642309
0.659669
0.834809
0.840626
0.850677
0.883342
0.90212
0.916567
0.946011
0.975183
0.993416
1
0.946973
0.952761
0.872328
0.92944
0.905041
0.877428
0.796491
0.790949
0.799091
0.744351
0.673958
0.630876
0.747952
0.685983
0.619101
0.662903
0.649742
0.608976
0.56726
0.569371
0.602315
0.579934
0.69961
0.677353
0.650681
0.691174
0.622516
0.620604
0.644747
0.7694
0.713071
0.696616
0.64341
0.705805
0.648048
0.813559
0.761036
0.648663
0.705869
0.869052
0.81985
0.792982
0.837316
0.825787
0.744383
0.729117
0.602323
0.691454
0.789591
0.712565
0.744513
0.723677
0.718793
0.637636
0.684901
0.684595
0.627812
0.634566
0.662329
0.68243
0.652542
0.694197
0.713586
0.650615
0.586909
0.693134
0.636634
0.56961
0.735901
0.768359
0.651505
0.513171
0.57157
0.602049
0.411324
