0.576608
0.670644
0.651907
0.737166
0.75349
0.776652
0.784068
0.868883
0.818439
0.771266
0.814297
0.818808
0.84113
0.78243
0.756544
0.755092
0.733407
0.638771
0.640702
0.621441
0.617679
0.524359
0.490651
0.571251
0.612053
0.600397
0.624035
0.643863
0.690886
0.709681
0.681367
0.689477
0.667108
0.770434
0.744243
0.736235
0.74702
0.744042
0.656634
0.688309
0.717631
0.659371
0.56332
0.505832
0.603995
0.494077
0.374632
0.455515
0.51937
0.435997
0.425301
0.561694
0.560564
0.571865
0.569603
0.683856
0.629425
0.624455
0.670931
0.769812
0.680912
0.673185
0.736188
0.787154
0.758016
0.738359
0.766902
0.779847
0.754627
0.713627
0.728696
0.75689
0.636808
0.740731
0.747258
0.712337
0.797486
0.787155
0.764701
0.786161
0.873158
0.80901
0.799577
0.746866
0.80038
0.811513
0.708435
0.764104
0.779757
0.719102
0.731797
0.742382
0.684174
0.73957
0.740375
0.722951
0.715421
0.783024
0.770396
0.711284
0.724989
0.757677
0.688101
0.619858
0.699629
0.752023
0.650544
0.644624
0.703669
0.680839
0.552309
0.507906
0.587019
0.62833
0.634267
0.726883
0.665438
0.731139
0.743234
0.721123
0.780482
0.708211
0.755215
0.775069
0.791962
0.699364
0.630766
0.668141
0.73047
0.646765
0.654345
0.565897
0.527746
0.504826
0.533147
0.548614
0.591449
0.576599
0.602563
0.658379
0.682381
0.770361
0.686677
0.788244
0.70047
0.729919
0.778785
0.832596
0.774507
0.765803
0.820212
0.858567
0.820231
0.739547
0.777124
0.724708
0.721313
0.609706
0.631309
0.657229
0.746934
0.673467
0.735638
0.702722
0.829336
0.789281
0.789351
0.81096
0.788244
0.764709
0.802931
0.828462
0.729673
0.720445
0.843198
0.854755
0.773482
0.764232
0.853554
0.834469
0.781963
0.784012
0.837377
0.77018
0.689491
0.675115
0.707122
0.791348
0.708435
0.712337
0.783017
0.76369
0.793589
0.695655
0.727049
0.650596
0.629745
0.594784
0.601722
0.577014
0.683865
0.683495
0.591727
0.61906
0.649437
0.6926
0.680977
0.710358
0.674744
0.694635
0.748587
0.820194
0.735478
0.781953
0.737166
0.754627
0.745425
0.77024
0.827198
0.854466
0.798557
0.765425
0.78843
0.689354
0.734913
0.703897
0.764782
0.766924
0.719995
0.747749
0.735411
0.805015
0.841977
0.741966
0.786103
0.714913
0.688934
0.738781
0.7795
0.832527
0.821476
0.813235
0.780044
0.796624
0.826524
0.765839
0.743812
0.795102
0.693391
0.600644
0.516777
0.680184
0.712027
0.533253
0.395257
0.500224
0.5874
0.612983
0.652198
0.667933
0.657729
0.663358
0.631721
0.683154
0.603228
0.543522
0.643225
0.672657
0.619978
0.576568
0.717605
0.791003
0.753047
0.723078
0.687
0.692583
0.763338
0.657066
0.719101
0.688076
0.61813
0.741057
0.613162
0.474007
0.600462
0.463208
0.424345
0.501777
0.453644
0.475628
0.663644
0.595871
0.510058
0.608934
0.635801
0.527711
0.541393
0.682486
0.630437
0.646454
0.630408
0.645265
0.642777
0.670571
0.663295
0.689807
0.652449
0.537753
0.547127
0.692331
0.699529
0.576977
0.591305
0.564596
0.549746
0.590792
0.696641
0.600592
0.554842
0.593826
0.600016
0.559458
0.608996
0.523928
0.627038
0.52559
0.592692
0.597892
0.588661
0.518714
0.495361
0.501722
0.459716
0.557667
0.492575
0.541249
0.628652
0.658675
0.638635
0.573235
0.628093
0.610371
0.563515
0.49469
0.586111
0.520689
0.531883
0.633428
0.583987
0.660645
0.629471
0.580736
0.638879
0.620244
0.645694
0.5073
0.434533
0.553812
0.563066
0.372266
0.359112
0.606664
0.520126
0.392099
0.481889
0.678394
0.718511
0.561499
0.390803
0
0.338634
0.36612
0.446045
0.458572
0.434473
0.511321
0.578015
0.560445
0.638222
0.592813
0.716154
0.659786
0.696096
0.768459
0.670875
0.621655
0.627996
0.66881
0.723489
0.626394
0.632059
0.654406
0.698591
0.648434
0.652403
0.561546
0.569543
0.596417
0.62326
0.639914
0.594399
0.630172
0.597097
0.615149
0.64037
0.663948
0.650066
0.577823
0.595948
0.512629
0.522987
0.566176
0.471659
0.505313
0.404029
0.502425
0.60242
0.627809
0.651794
0.647595
0.921397
0.845708
0.748669
0.810372
0.917097
0.787444
0.747221
0.801188
0.779701
0.740636
0.794023
0.863358
0.954309
0.917877
0.788444
0.892181
0.988827
0.839824
0.805158
0.865964
0.878228
0.806175
0.721254
0.852048
0.776832
0.705806
0.648626
0.683986
0.685742
0.676198
0.740392
0.739136
0.695921
0.714189
0.707057
0.766737
0.855631
0.828405
0.974113
0.735559
0.763427
0.875036
0.745825
0.768132
0.622877
0.580517
0.709243
0.735823
0.748734
0.711375
0.562971
0.718162
0.637091
0.654461
0.527984
0.514939
0.643573
0.582069
0.562602
0.579746
0.707624
0.716392
0.555584
0.703008
0.70578
0.855868
0.887723
0.813451
0.785116
0.831656
0.785352
0.676589
0.616813
0.505335
0.505335
0.398235
0.620594
0.750057
0.695034
0.79199
0.696336
0.668029
0.660324
0.728414
0.709655
0.816994
0.884626
0.869068
0.827579
0.842592
0.933733
0.795743
0.775906
0.813151
0.877893
0.814291
0.858782
0.837471
0.905386
0.974976
0.929238
0.909903
1
0.866699
0.799883
0.906758
0.922129
0.931571
0.80989
0.750206
0.851494
0.91339
0.766958
0.896051
0.763887
0.762421
0.85059
0.849571
0.746443
0.703691
0.801079
0.799325
0.634134
0.730875
0.719293
0.739094
0.723996
0.592476
0.593004
0.516068
0.441296
0.434388
0.529512
0.642703
0.618839
0.58829
0.527632
0.60337
0.736733
0.62263
0.685441
0.625065
0.628674
0.636465
0.71242
0.655052
