0.554057
0.475261
0.373443
0.421137
0.493868
0.600137
0.75419
0.846356
0.858669
0.908148
0.772494
0.87247
0.62871
0.673764
0.439637
0.351798
0.417673
0.420474
0.568398
0.310442
0.346199
0.628992
0.599292
0.624625
0.682698
0.709635
0.87003
0.843889
0.828663
0.94787
1
0.991503
0.878542
0.828035
0.890495
0.740347
0.673586
0.768495
0.679138
0.930609
0.807837
0.797758
0.739584
0.86399
0.927755
0.831177
0.817808
0.684418
0.74363
0.573955
0.641931
0.636637
0.633092
0.627942
0.584521
0.585188
0.509253
0.51533
0.573363
0.600209
0.620929
0.588449
0.60286
0.591291
0.687768
0.687985
0.676834
0.647295
0.57611
0.57524
0.605432
0.558461
0.675985
0.855356
0.700718
0.610017
0.676097
0.84073
0.854381
0.631874
0.781952
0.767744
0.664021
0.574948
0.548019
0.601826
0.540637
0.572146
0.503235
0.538221
0.677678
0.605443
0.689323
0.747399
0.742523
0.683339
0.733369
0.750434
0.745235
0.694361
0.673953
0.702915
0.740197
0.577757
0.525722
0.647894
0.637301
0.760204
0.723499
0.711725
0.713677
0.761623
0.665128
0.743678
0.667866
0.639393
0.687757
0.79932
0.853934
0.83487
0.82084
0.832937
0.833775
0.594788
0.709332
0
0.335202
0.306404
0.441597
0.496647
0.48089
0.575837
0.306248
0.408284
0.436354
0.408176
0.412049
0.40036
0.536163
0.497497
0.518598
0.515653
0.637284
0.633151
0.574386
0.659634
0.736388
0.751579
0.611053
0.682151
0.665347
0.662981
0.612063
0.596722
0.57066
0.707442
0.848736
0.766252
0.852239
0.890517
0.88889
0.907838
0.891183
0.888054
0.649482
0.537855
0
0.382554
0.777461
0.748351
0.493806
0.603847
0.801878
0.501713
0.414199
0.696786
0.610045
0.53061
0.537548
0.768368
0.747693
0.837604
0.769998
0.778351
0.774241
0.872588
0.901777
0.9049
0.599451
0.545567
0.416119
0.486383
0.360349
0.591354
0.562544
0.699976
0.676245
0.76383
0.575313
0.523737
0.482251
0.499545
0.627672
0.622111
0.620405
0.639527
0.635593
0.630361
0.717928
0.846399
0.91069
0.755135
0.791649
0.875874
0.977768
0.841807
0.787306
0.926576
0.919024
0.819397
0.755234
0.816823
0.717595
0.841303
0.749481
0.741794
0.945586
0.830103
0.828205
0.875399
0.827102
0.974691
0.785128
0.779157
0.722744
0.839164
0.749503
0.67861
0.599308
0.704107
0.447603
0.58906
0.630997
0.490836
0.870012
0.648872
0.669381
0.682936
0.586934
0.594877
0.60331
0.661378
0.726098
0.804718
0.668525
0.766381
0.77744
0.950791
0.900061
0.837025
0.916364
0.971613
0.951295
0.812161
0.680297
0.462202
