0.843027
0.983694
0.947144
0.892493
0.959504
1
0.964681
0.91132
0.947376
0.891184
0.927051
0.942404
0.995061
0.937009
0.926903
0.790031
0.829924
0.811158
0.755496
0.789528
0.903023
0.919359
0.939979
0.951006
0.816804
0.803017
0.867081
0.86299
0.894764
0.88152
0.919703
0.806118
0.769461
0.933397
0.887947
0.848289
0.795242
0.763716
0.834152
0.806083
0.757923
0.697826
0.746412
0.748123
0.702031
0.722132
0.733407
0.796803
0.757599
0.731267
0.795577
0.721893
0.778569
0.682543
0.786923
0.954107
0.882262
0.809082
0.732629
0.951273
0.85767
0.765349
0.735917
0.707913
0.816645
0.653283
0.672398
0.687592
0.576116
0.665028
0.709674
0.74206
0.768336
0.678128
0.613937
0.554405
0.470496
0.680104
0.664379
0.666705
0.677121
0.65765
0.50281
0.454728
0
0.510444
0.55153
0.663213
0.663556
0.478243
0.547608
0.604984
0.569144
0.546736
0.563978
0.685827
0.725904
0.790403
0.851027
0.73388
0.714624
0.908795
0.937551
0.956316
0.858744
0.90438
0.815974
0.752354
0.690369
0.71495
0.72953
0.708642
0.672766
0.760706
0.809155
0.772481
0.691483
0.502675
0.633365
0.631246
0.573657
0.558945
0.442714
0.542346
0.590397
0.675409
0.685583
0.70838
0.671299
0.80035
0.784412
0.662005
0.723394
0.765809
0.752586
0.796295
0.728923
0.674703
0.727608
0.762423
0.736127
0.775187
0.819051
0.799647
0.741491
0.753365
0.701025
0.765036
0.78751
0.786476
0.764488
0.707908
