0.682751
0.823921
0.891178
0.870762
0.880677
0.903919
0.868852
0.939416
0.916822
0.931909
0.928303
0.960587
0.876274
0.91346
0.900228
0.893332
0.871737
0.845597
0.825314
0.834553
0.7829
0.655829
0.69259
0.616812
0.674941
0.720094
0.78714
0.684864
0.752922
0.867742
0.824854
0.649148
0.522374
0.489459
0.57998
0.539861
0.584619
0.604511
0.635983
0.629607
0.656938
0.70606
0.672838
0.66801
0.593404
0.669196
0.60233
0.53228
0.588664
0.489785
0.489205
0.647324
0.58623
0.54934
0.658398
0.690497
0.628348
0.667281
0.647978
0.618282
0.706094
0.649065
0.582288
0.681807
0.62422
0.515803
0.470761
0.537831
0.52189
0.513695
0.568729
0.572397
0.701119
0.737684
0.89905
0.925672
0.895356
0.796023
0.894706
0.960294
0.896398
0.834983
0.879453
0.81369
0.838148
0.813112
0.892523
0.884097
0.900697
0.832575
0.721904
0.672261
0.841125
0.663997
0.645686
0.42287
0.583187
0.397884
0.481287
0.526522
0.606784
0.719605
0.560707
0.656393
0.823367
0.703588
0.803049
0.792637
0.617014
0.727299
0.683166
0.617376
0.529039
0.494226
0.429792
0
0.372706
0.419618
0.601912
0.441479
0.522095
0.604068
0.600523
0.643012
0.609495
0.673018
0.680559
0.614482
0.652863
0.548027
0.547021
0.465873
0.454235
0.501215
0.57821
0.695285
0.601464
0.602358
0.74423
0.731506
0.628713
0.658322
0.622942
0.71999
0.706858
0.732743
0.72594
0.719611
0.584493
0.718737
0.758639
0.743486
0.710558
0.669339
0.699182
0.625965
0.681964
0.518058
0.506599
0.399553
0.462186
0.523598
0.503109
0.480067
0.471031
0.489898
0.548484
0.512518
0.621812
0.650842
0.638985
0.676286
0.706106
0.653449
0.74641
0.785302
0.723714
0.649825
0.811698
0.805367
0.850897
0.8558
0.828431
0.864551
0.676785
0.762121
0.634149
0.512885
0.562584
0.602732
0.627894
0.49032
0.556339
0.541382
0.413211
0.46834
0.517232
0.54555
0.671809
0.6418
0.59537
0.723284
0.685029
0.696411
0.696283
0.733361
0.818092
0.776836
0.855534
0.722648
0.757204
0.657918
0.688384
0.704322
0.709409
0.637379
0.585706
0.520392
0.651523
0.693498
0.577181
0.581544
0.681369
0.695715
0.62403
0.783676
0.775306
0.840185
0.729304
0.757082
0.796009
0.743839
0.766675
0.692912
0.870449
0.845026
0.822616
0.857255
0.867273
0.898172
0.926463
0.935788
0.920381
0.961429
0.995308
0.994232
0.985249
0.95829
0.909659
0.947635
1
0.887097
0.832206
0.859754
0.908342
0.845415
0.808647
0.877389
0.805078
0.739222
0.767049
0.467791
0.50273
0.502062
