0.303333
0.509312
0.479526
0.557403
0.663092
0.593233
0.548804
0.611047
0.489808
0.714232
0.476575
0.666227
0.790459
0.655451
0.692339
0.741143
0.607242
0.559319
0.521365
0.59071
0.605854
0.587624
0.556868
0.539785
0.581909
0.665762
0.593731
0.596895
0.82553
0.782098
0.705738
0.827002
0.844041
0.710696
0.575428
0.700542
0.597439
0.662251
0.526841
0.497794
0.590614
0.433699
0.583121
0.63095
0.489749
0.306714
0.672508
0.647662
0.675757
0.61697
0.630597
0.667944
0.660996
0.67665
0.673491
0.650086
0.66915
0.698942
0.720836
0.69372
0.67926
0.728036
0.654215
0.678629
0.67404
0.679252
0.615574
0.733572
0.628359
0.496939
0.466992
0.572833
0.414869
0.570564
0.526453
0.661127
0.547726
0.699689
0.565154
0.461424
0.347898
0.49667
0.637955
0.674719
0.731523
0.66767
0.657931
0.637081
0.731175
0.660315
0.583914
0.608612
0.582808
0.657556
0.639949
0.645181
0.555139
0.621185
0.646105
0.736644
0.60869
0.625166
0.524178
0.397087
0.365374
0.271105
0.339071
0.472623
0.612843
0.506135
0.587326
0.694234
0.662375
0.65394
0.642325
0.709026
0.650024
0.638451
0.616275
0.68249
0.684254
0.57899
0.582895
0.628388
0.693302
0.599422
0.556661
0.646909
0.666855
0.605076
0.599828
0.575263
0.49173
0.483203
0.350351
0
0.373859
0.369377
0.479352
0.416623
0.464905
0.577775
0.596696
0.604212
0.426485
0.517896
0.547753
0.676649
0.540708
0.560459
0.520222
0.550868
0.492168
0.536997
0.693111
0.595717
0.562525
0.505297
0.481633
0.509109
0.478841
0.634677
0.547796
0.399103
0
0.431725
0.454814
0.52574
0.476619
0.553197
0.811801
0.692794
0.652673
0.80062
0.896985
0.743853
0.628204
0.730528
0.640474
0.633836
0.651757
0.529678
0.616175
0.655216
0.640127
0.642416
0.519834
0.390908
0.253534
0.328737
0.593938
0.556873
0.546195
0.617663
0.938269
0.712784
0.557232
0.793659
0.779624
0.820544
0.728815
0.747703
0.459365
0.573212
0.58962
0.343423
0.516154
0.623198
0.682556
0.659325
0.755012
0.875469
0.82722
0.730573
0.651953
0.75327
0.793517
0.809701
0.788764
0.942067
0.805017
0.639646
0.688753
0.679458
0.511258
0.474835
0.523132
0.599088
0.774397
0.626208
0.730249
0.881486
0.910591
0.772874
0.931099
0.963806
0.907165
0.787751
0.972735
0.841711
0.689342
0.862766
0.737371
0.679292
0.821504
0.807571
0.606964
0.640415
0.66701
0.515338
0.589089
0.678625
0.851687
0.879043
0.784
0.832411
0.928698
0.817026
0.882842
0.84204
0.851088
0.86692
0.763576
0.777957
0.805479
0.63097
0.742339
0.820499
0.679959
0.838962
0.634992
0.610056
0.654739
0.698994
0.750642
0.703277
0.738446
0.622467
0.57491
0.527198
0.610231
0.731867
0.679552
0.671941
0.841363
0.764312
0.685051
0.832161
0.827901
0.585231
0.601358
0.757399
0.456139
0.668464
0.617964
0.573775
0.597117
0.407375
0.516596
0.753426
0.601099
0.588706
0.643268
0.544511
0.777217
0.542988
0.719116
0.751922
0.630873
0.655634
0.712206
0.55371
0.509675
0.493787
0.459622
0.617964
0.621299
0.653711
0.572954
0.609447
0.743005
0.649173
0.68619
0.836907
0.855091
0.754323
0.857621
0.920964
0.730123
0.64656
0.757149
0.654699
0.717025
0.601468
0.57817
0.670233
0.49337
0.685552
0.665114
0.399684
0.30641
0.595752
0.631276
0.5745
0.514954
0.587812
0.720318
0.741992
0.723056
0.68429
0.703433
0.773939
0.717145
0.743121
0.763402
0.803967
0.79441
0.706413
0.749307
0.772185
0.772695
0.706953
0.78913
0.710223
0.547946
0.46931
0.541202
0.406205
0.587771
0.571476
0.789851
0.610435
0.816155
0.645783
0.468451
0.36098
0.484134
0.639395
0.647757
0.768283
0.623655
0.631303
0.625272
0.766618
0.665988
0.584605
0.629932
0.63942
0.706523
0.691512
0.643544
0.587469
0.623568
0.620277
0.775656
0.717979
0.681874
0.55388
0.440683
0.42542
0.308939
0.382768
0.471309
0.561285
0.469399
0.595691
0.596766
0.579976
0.638196
0.624492
0.688918
0.741673
0.688356
0.59317
0.680061
0.693334
0.599336
0.532136
0.635437
0.636743
0.610632
0.550019
0.650633
0.654172
0.541687
0.634573
0.634674
0.587108
0.571616
0.349935
0
0.349098
0.376936
0.499066
0.48131
0.530089
0.59306
0.515982
0.566953
0.465334
0.5354
0.554659
0.656153
0.536268
0.586139
0.517576
0.52971
0.498586
0.557253
0.609886
0.547484
0.490759
0.449893
0.391706
0.509748
0.461529
0.63703
0.533011
0.351705
0
0.39737
0.402452
0.465745
0.419336
0.550795
0.780531
0.729675
0.651576
0.749821
0.94685
0.707148
0.654745
0.717104
0.663312
0.599384
0.670326
0.525032
0.604786
0.690441
0.612864
0.612517
0.511348
0.396796
0.255496
0.346031
0.635588
0.557937
0.581173
0.620754
0.961282
0.716463
0.551979
0.813458
0.786431
0.910758
0.73733
0.762836
0.463243
0.604708
0.652637
0.354041
0.539027
0.650112
0.74342
0.700445
0.797789
0.902467
0.869956
0.779586
0.727667
0.761937
0.806756
0.897433
0.856044
0.946044
0.781722
0.634321
0.738419
0.702345
0.545868
0.543996
0.572778
0.633859
0.755118
0.569623
0.69605
0.865809
0.881385
0.731788
0.893112
0.942129
0.883247
0.786147
1
0.893249
0.663758
0.881134
0.798757
0.723095
0.896228
0.880588
0.61119
0.704431
0.693044
0.621585
0.601861
0.614023
0.851914
0.973287
0.864232
0.918673
0.982144
0.899816
0.87865
0.83577
0.90632
0.874924
0.779527
0.80679
0.758332
0.602451
0.702562
0.900104
0.693927
0.812845
0.687894
0.629687
0.657883
0.679084
0.687734
0.691406
0.814566
0.606837
0.541654
0.562893
0.615571
0.753139
0.688984
0.697061
0.910178
0.803663
0.69239
0.862876
0.893398
0.639985
0.690517
0.801957
0.575688
0.740878
0.677199
0.606054
0.655591
0.455614
0.471377
0.529772
0.652344
0.548611
0.51071
0.66465
0.515741
0.760489
0.485348
0.715324
0.690123
0.622739
0.640995
0.709569
0.57073
0.563729
0.567309
0.502787
0.59361
0.646515
0.650476
0.576374
0.648608
0.725753
0.646467
0.601334
0.754627
0.822081
0.72196
0.793739
0.827894
0.755822
0.605438
0.649999
0.603259
0.740405
0.610712
0.549915
0.618501
0.474295
0.641674
0.620622
0.389012
0.280321
0.572351
0.618283
0.599213
0.577702
0.644715
0.66712
0.730536
0.675122
0.627029
0.645166
0.708558
0.688954
0.670191
0.706791
0.730978
0.736189
0.654334
0.727436
0.742209
0.767087
0.694116
0.77552
0.665199
0.576789
0.485073
0.552416
0.483619
0.5788
0.515983
0.68934
0.559392
0.680109
0.582366
0.406415
0.305876
0.416539
0.591042
0.596155
0.685881
0.58087
0.595032
0.590545
0.688602
0.607324
0.572733
0.577876
0.596238
0.634404
0.617609
0.61242
0.577299
0.636945
0.705685
0.758047
0.630806
0.624106
0.521892
0.408784
0.361288
0.259804
0.340928
0.43818
0.5563
0.471946
0.585059
0.616398
0.619495
0.610924
0.643131
0.648851
0.676464
0.677246
0.489834
0.570675
0.658403
0.553335
0.494351
0.589777
0.676911
0.63241
0.513301
0.666161
0.596555
0.513967
0.590295
0.552287
0.514869
0.473736
0.331105
0
0.342724
0.340805
0.4522
0.384079
0.484139
0.519647
0.495898
0.559195
0.485864
0.538417
0.578031
0.644086
0.537354
0.554834
0.501053
0.499993
0.42735
0.45306
0.609487
0.537579
0.493171
0.447789
0.427245
0.509317
0.457623
0.577067
0.486137
0.359147
0
0.423339
0.477615
0.517231
0.400038
0.531058
0.849474
0.675714
0.63526
0.792707
0.939989
0.720881
0.625641
0.759775
0.690354
0.635661
0.650495
0.53983
0.577942
0.618569
0.553853
0.592453
0.499157
0.397163
0.252203
0.329806
0.611676
0.602729
0.59032
0.568122
0.89398
0.760506
0.542283
0.737169
0.768248
0.909931
0.779357
0.743441
0.425801
0.52696
0.586162
0.325794
0.512432
0.672289
0.721607
0.682779
0.767368
0.862477
0.787478
0.72153
0.637173
0.710171
0.769697
0.827603
0.758772
0.848681
0.679963
0.623101
0.648538
0.61393
0.514463
0.496707
0.475234
0.568004
0.66787
0.562894
0.635921
0.767831
0.819716
0.713875
0.875051
0.942861
0.810074
0.774426
0.900982
0.831825
0.708787
0.817276
0.743536
0.718812
0.830196
0.818749
0.600016
0.65852
0.651752
0.54374
0.580408
0.617172
0.801553
0.891464
0.805049
0.863508
0.955107
0.83426
0.805607
0.762532
0.882976
0.843998
0.758067
0.81227
0.724731
0.517585
0.610668
0.782
0.687031
0.780633
0.681098
0.652391
0.639818
0.685504
0.691891
0.640233
0.737924
0.584321
0.552459
0.532342
0.586166
0.671623
0.622825
0.695843
0.853949
0.760472
0.606575
0.752365
0.868099
0.590828
0.538437
0.693841
0.471267
0.735175
0.586396
0.564598
0.624984
0.569183
0.564778
0.63536
0.869418
0.656399
0.588532
0.698768
0.57577
0.776741
0.539689
0.701191
0.717256
0.591688
0.635394
0.720883
0.590724
0.528638
0.548855
0.55139
0.603536
0.660098
0.638101
0.562295
0.677957
0.765502
0.646429
0.609147
0.764929
0.812245
0.680847
0.791794
0.841731
0.742225
0.590313
0.69763
0.600629
0.722038
0.629275
0.612141
0.668923
0.483587
0.681363
0.574971
0.381484
0.280473
0.540819
0.586592
0.538512
0.451453
0.594399
0.675697
0.644524
0.704275
0.66495
0.682421
0.699556
0.690164
0.790396
0.784729
0.752219
0.793365
0.749667
0.803635
0.830536
0.799201
0.706987
0.759217
0.685186
0.551564
0.482292
0.552775
0.443518
0.58009
0.684063
0.779032
0.602865
0.734122
0.552808
0.446753
0.3318
0.467278
0.593743
0.637401
0.780318
0.622241
0.606578
0.637748
0.807423
0.717775
0.603329
0.64283
0.696273
0.724906
0.69244
0.639241
0.597277
0.707707
0.691326
0.800572
0.75139
0.706076
0.552067
0.394949
0.355724
0.265835
0.340599
0.46024
0.502101
0.404847
0.584116
0.607816
0.624423
0.575335
0.607042
0.705533
0.695534
0.620847
0.577419
0.700413
0.655005
0.583783
0.516104
0.658049
0.69538
0.643594
0.550888
0.710114
0.673117
0.544279
0.624983
0.666862
0.602149
0.62086
0.378707
0
0.382067
0.384251
0.480113
0.413045
0.524483
0.53996
0.526123
0.591054
0.513121
0.535286
0.57418
0.653986
0.523395
0.519934
0.515939
0.554916
0.489469
0.57799
0.715924
0.552135
0.542086
0.508138
0.481701
0.516352
0.520519
0.726727
0.605562
0.413051
0
0.479761
0.492476
0.5209
0.445899
0.560824
0.808308
0.76802
0.665268
0.784626
0.986359
0.77577
0.614238
0.71582
0.753225
0.640228
0.668254
0.54954
0.618985
0.685912
0.667136
0.681878
0.611051
0.411602
0.277706
0.328119
0.595261
0.57269
0.55963
0.550514
0.915465
0.701203
0.531198
0.781233
0.834173
0.879116
0.796819
0.78469
0.461417
0.62442
0.593902
0.353895
0.509452
0.617256
0.706005
0.693603
0.768018
0.870897
0.837311
0.770545
0.713415
0.78292
0.775045
0.854417
0.832153
0.950578
0.750579
0.648437
0.69582
0.708279
0.543107
0.482678
0.54525
0.640907
0.707687
0.591776
0.718355
0.905936
0.827865
0.749323
0.910399
0.909356
0.78317
0.810261
0.934111
0.800708
0.709583
0.874968
0.730514
0.684077
0.830218
0.804195
0.614231
0.692812
0.697815
0.623972
0.623851
0.596371
0.781505
0.882151
0.820601
0.871619
0.963141
0.875025
0.851065
0.80959
0.895244
0.864577
0.770107
0.748188
0.704606
0.605358
0.711512
0.857469
0.716059
0.789491
0.714256
0.596266
0.63778
0.670059
0.682643
0.66804
0.78213
0.637806
0.552544
0.555976
0.629879
0.761517
0.724439
0.710633
0.831389
0.826609
0.709162
0.815258
0.865562
0.657315
0.657453
0.771526
0.537267
0.708467
0.61694
0.571295
0.4906
