0.729312
0.815239
0.748627
0.78079
0.78902
0.873667
0.743356
0.739776
0.621458
0.565158
0.604375
0.668873
0.806326
0.851465
0.840072
0.710693
0.822175
0.833746
0.872554
0.874576
0.834163
0.836409
0.826328
0.816336
0.854571
0.819715
0.786053
0.824577
0.742311
0.826179
0.838065
0.883167
0.800916
0.818535
0.877188
0.815787
0.782115
0.848826
0.683866
0.481394
0.476475
0.313778
0.379365
0.463051
0.520958
0.51949
0.600408
0.688105
0.649996
0.696999
0.704093
0.824095
0.796629
0.832772
0.79956
0.83969
0.845269
0.854081
0.819277
0.721518
0.680838
0.564005
0.441174
0.490918
0.586742
0.60503
0.569672
0.718647
0.753861
0.639344
0.674979
0.822553
0.760392
0.765036
0.749935
0.739657
0.731153
0.876101
0.761654
0.733787
0.755677
0.613935
0.598314
0.496766
0.47095
0.485556
0.556775
0.664946
0.795841
0.826391
0.74635
0.750386
0.693008
0.757252
0.728163
0.672373
0.794288
0.80522
0.786812
0.8163
0.723846
0.749367
0.721408
0.741898
0.701226
0.729053
0.594478
0.626546
0.680887
0.710588
0.708158
0.792361
0.811995
0.826749
0.835243
0.798118
0.774313
0.837824
0.901177
0.753911
0.704548
0.881256
0.760586
0.762156
0.832555
0.763152
0.591645
0.639557
0.478951
0.510088
0.504993
0.708154
0.453444
0.46369
0.565778
0.510367
0.654645
0.643296
0.665449
0.770403
0.794994
0.665059
0.657484
0.835376
0.812215
0.759414
0.824971
0.775737
0.716823
0.814778
0.750385
0.822664
0.750815
0.76962
0.838452
0.810443
0.734138
0.681121
0.802863
0.72766
0.650519
0.713384
0.546695
0.514056
0.538091
0.606885
0.702872
0.793308
0.748477
0.721159
0.874803
0.862035
0.738799
0.787756
0.850093
0.75733
0.688256
0.813785
0.86923
0.750579
0.773262
0.819632
0.842096
0.867491
0.932372
0.880188
0.839046
0.816643
0.799041
0.841634
0.77425
0.82908
0.871039
0.824162
0.7492
0.713031
0.879508
0.835954
0.780671
0.594849
0.703791
0.682293
0.709678
0.678464
0.602647
0.610235
0.630034
0.703643
0.752972
0.749943
0.789191
0.769731
0.781205
0.840756
0.935007
0.923892
0.883423
0.885094
0.914622
0.835393
0.843924
0.917442
0.856881
0.771337
0.84869
0.861752
0.771704
0.723215
0.729914
0.544336
0.715211
0.82067
0.783323
0.873236
0.869882
0.82058
0.724315
0.620402
0.495263
0.602414
0.709966
0.786081
0.703443
0.68977
0.728798
0.806831
0.764195
0.803226
0.885392
0.895862
0.7895
0.682827
0.792621
0.64901
0.701669
0.683802
0.602317
0.539427
0.534678
0.625546
0.620757
0.772987
0.7116
0.829057
0.702741
0.75873
0.631566
0.618881
0.69197
0.581863
0.558364
0.586184
0.701225
0.726741
0.665434
0.709948
0.717705
0.626054
0.726324
0.721574
0.637259
0.719961
0.616016
0.657986
0.691889
0.848869
0.843354
0.831473
0.793364
0.681227
0.589381
0.571492
0.644106
0.684103
0.741498
0.75817
0.741582
0.826962
0.835768
0.841334
0.784194
0.674588
0.4246
0.378696
0
0.478183
0.445465
0.525765
0.567807
0.581254
0.914367
0.867476
0.600889
0.562889
0.813876
0.683466
0.887462
0.747312
0.735118
0.827972
0.700546
0.802259
0.705705
0.756144
0.755553
0.814427
0.911277
0.816778
0.713895
0.702585
0.764294
0.698802
0.557784
0.451428
0.569633
0.553209
0.572567
0.718557
0.72824
0.780365
0.700994
0.601837
0.641952
0.667783
0.736536
0.659102
0.708696
0.600428
0.504941
0.772288
0.824954
0.777527
0.867206
0.840007
0.901445
0.805449
0.785494
0.727028
0.794822
0.687563
0.59967
0.630369
0.677351
0.760684
0.780776
0.786354
0.724565
0.830515
0.843256
0.880747
0.856974
0.799409
0.795734
0.797894
0.80526
0.825491
0.78787
0.781558
0.811821
0.704477
0.795802
0.82846
0.858744
0.792115
0.792397
0.849325
0.80553
0.756838
0.736527
0.65317
0.47885
0.475597
0.324905
0.395768
0.487614
0.517422
0.539349
0.587704
0.674141
0.64163
0.688502
0.696678
0.788058
0.760572
0.790459
0.7655
0.799075
0.811008
0.829778
0.786702
0.705742
0.603418
0.511847
0.378404
0.442058
0.552309
0.554718
0.550103
0.66574
0.702595
0.639858
0.672964
0.774236
0.747216
0.743354
0.728264
0.72915
0.728594
0.743664
0.674134
0.642874
0.621791
0.514914
0.547175
0.437855
0.436173
0.475468
0.543137
0.611141
0.725354
0.7582
0.709935
0.683922
0.635094
0.710606
0.671478
0.6022
0.727742
0.743775
0.718227
0.728122
0.647155
0.690397
0.633797
0.67026
0.612155
0.659661
0.563463
0.617892
0.663507
0.692917
0.666727
0.740448
0.773197
0.731114
0.753587
0.741348
0.755832
0.773191
0.82096
0.722113
0.638227
0.785397
0.704751
0.68443
0.773213
0.697423
0.551779
0.551867
0.462838
0.471004
0.495044
0.585627
0.406752
0.436732
0.525973
0.51152
0.634748
0.594203
0.620362
0.698845
0.738393
0.628577
0.630886
0.765416
0.781314
0.725756
0.773863
0.741492
0.68819
0.775963
0.725913
0.768706
0.720724
0.714823
0.811957
0.782797
0.680017
0.618368
0.680795
0.648352
0.610564
0.640065
0.579806
0.555726
0.581411
0.6471
0.702528
0.767613
0.699932
0.66507
0.780712
0.789383
0.658599
0.677272
0.741814
0.678008
0.606166
0.704958
0.77479
0.704174
0.704509
0.774712
0.795212
0.812931
0.850841
0.858997
0.800369
0.789543
0.748681
0.782052
0.72692
0.823872
0.810565
0.776404
0.686184
0.634814
0.797068
0.736338
0.680119
0.593863
0.705512
0.72599
0.735938
0.701416
0.6109
0.636404
0.678713
0.69062
0.772841
0.761791
0.796149
0.760859
0.779681
0.83141
0.924387
0.900423
0.853838
0.872784
0.887673
0.733754
0.734742
0.807207
0.768612
0.70972
0.758061
0.803313
0.730685
0.719255
0.706433
0.526009
0.671755
0.786699
0.779556
0.811391
0.799493
0.793717
0.617583
0.613613
0.500679
0.62359
0.714852
0.754237
0.698601
0.716073
0.736517
0.795558
0.754152
0.810566
0.86415
0.864154
0.837527
0.762151
0.850233
0.736487
0.808414
0.71957
0.598535
0.519023
0.525865
0.656996
0.645139
0.811403
0.823616
0.904209
0.798819
0.844229
0.676799
0.675618
0.744955
0.640382
0.597272
0.610441
0.718076
0.78372
0.687365
0.70736
0.764572
0.664651
0.705391
0.684062
0.648321
0.721146
0.64289
0.691348
0.712541
0.857031
0.868504
0.853333
0.793568
0.674897
0.544336
0.528772
0.603977
0.585553
0.562924
0.665088
0.725012
0.82694
0.830797
0.755351
0.837398
0.839207
0.855009
0.851167
0.811338
0.459275
0.404113
0
0.500263
0.512434
0.5625
0.63055
0.655797
1
0.899
0.640548
0.589104
0.832893
0.710803
0.904126
0.81668
0.739424
0.851401
0.753151
0.890795
0.769468
0.857713
0.828347
0.845453
0.907582
0.837687
0.74921
0.744417
0.797562
0.704914
0.582006
0.483309
0.612069
0.529007
0.524905
0.599317
0.639173
0.692067
0.713094
0.597282
0.716996
0.635023
