0.731025
0.806669
0.892663
0.892467
0.916807
0.833574
0.826881
0.867294
0.879174
0.748344
0.690641
0.574088
0.574811
0.468242
0.424863
0.364087
0.491502
0.479577
0.348866
0.456192
0.472813
0.435509
0.565192
0.631336
0.627539
0.667487
0.726541
0.77623
0.823316
0.754751
0.834069
0.935118
0.811453
0.884282
0.892273
0.877592
0.871407
0.896722
0.858828
0.897976
0.784203
0.916454
0.960224
0.957562
0.935872
0.750672
0.667051
0.892195
0.784855
0.66037
0.629354
0.883472
0.907065
0.831954
0.839853
0.888599
0.886122
0.774097
0.76586
0.9117
0.890645
0.792297
0.833222
0.962641
0.786327
0.793757
0.830768
0.950043
0.896891
0.850403
0.822781
0.773237
0.776048
0.658587
0.731652
0.608153
0
0.386763
0.499175
0.520545
0.476519
0.437579
0.484552
0.653803
0.69957
0.633442
0.636193
0.497853
0.583114
0.521091
0.656415
0.534348
0.602335
0.457287
0.477067
0.466547
0.572323
0.586385
0.670373
0.735126
0.687708
0.72691
0.669758
0.563479
0.639175
0.670655
0.708091
0.608503
0.590563
0.671204
0.78285
0.682201
0.667702
0.783476
0.723929
0.943947
0.825081
0.806669
0.762711
0.674558
0.662542
0.616976
0.53845
0.603575
0.386514
0
0.311457
0.455506
0.701731
0.778489
0.837523
0.754741
0.644603
0.584287
0.615374
0.475276
0.530142
0.460484
0.377801
0.306826
0.303357
0.398057
0.411414
0.397348
0.439515
0.458403
0.592657
0.560707
0.502975
0.664359
0.802476
0.651014
0.671603
0.708769
0.752659
0.708662
0.857367
0.803946
0.783391
0.808007
0.784343
0.709706
0.793947
0.759739
0.761058
0.787558
0.724813
0.644364
0.667971
0.840015
0.784898
0.659722
0.71064
0.753271
0.698972
0.658824
0.635254
0.637189
0.495114
0.444889
0.585351
0.561651
0.534367
0.418431
0.395544
0.475622
0.609703
0.457042
0.568379
0.514188
0.562478
0.53073
0.775954
0.755157
0.779483
0.709687
0.847263
0.866399
0.828409
0.869634
0.937602
0.791351
0.806464
0.615228
0.561925
0.610141
0.627415
0.758383
0.739221
0.700823
0.737719
0.77946
0.764399
0.808572
0.77311
0.828128
0.714702
0.821935
0.82291
0.655629
0.626223
0.675368
0.574318
0.629784
0.475816
0.516605
0.45766
0.454335
0.439909
0.4941
0.508018
0.583136
0.598411
0.749975
0.726692
0.858265
0.795972
0.722152
0.845846
0.8682
1
0.886412
0.870385
0.828459
0.810149
0.801845
0.760395
0.680511
0.602401
0.516605
0.454335
0.431861
0.454335
0.418367
0.374763
0.413388
0.464029
0.389883
0.427574
0.503528
0.550378
0.608901
0.653309
0.656001
0.613323
0.621492
0.729808
0.769099
0.56402
0.623117
0.760517
0.61343
0.67886
0.569762
0.541436
0.498894
0.577511
0.589685
0.658906
0.606211
0.605117
0.673465
0.719188
0.667581
0.591429
0.614719
0.62752
0.79172
0.67384
0.758732
0.651101
0.702671
0.603716
0.617714
0.733534
0.698262
0.58741
0.534347
0.693001
0.669425
0.70034
0.632123
0.669996
0.786427
0.813161
0.851759
0.87579
0.883673
0.760843
0.812471
0.645305
0.712791
0.842238
0.826448
0.727929
0.766529
0.655629
0.666816
0.592979
0.518678
0.538041
0.45766
0.39643
0.374763
0.301858
0.301858
0.34274
0.365774
0.382716
0.374763
0.389883
0.481309
0.4941
0.520723
0.592979
0.640188
0.737864
0.814808
0.879398
0.852728
0.852749
0.878476
0.902865
0.892994
0.87069
0.803306
0.71235
0.654612
0.849368
0.597156
0.558022
