0.360294
0.417872
0.372109
0.313451
0.28071
0.306938
0.28071
0.247227
0.267347
0.267347
0.247227
0.247227
0.197782
0.197782
0.267347
0.324684
0.374832
0.357065
0.412399
0.384994
0.353702
0.384994
0.324684
0.306938
0.267347
0.291032
0.267347
0.267347
0.247227
0.197782
0.197782
0.267347
0.267347
0.247227
0.247227
0.267347
0.247227
0.247227
0.247227
0.247227
0.267347
0.247227
0.267347
0.247227
0.267347
0.267347
0.299576
0.247227
0.267347
0.267347
0.267347
0.247227
0.197782
0.197782
0.247227
0.247227
0.197782
0.197782
0.197782
0.197782
0.197782
0.247227
0.247227
0.291032
0.299576
0.306938
0.319321
0.366402
0.34265
0.366402
0.380048
0.363403
0.334248
0.338572
0.34265
0.334248
0.338572
0.306938
0.267347
0.28071
0.267347
0.28071
0.197782
0.267347
0.247227
0.197782
0.197782
0.197782
0.197782
0.197782
0.197782
0.197782
0.247227
0.28071
0.197782
0.299576
0.306938
0.313451
0.360294
0.391976
0.421388
0.417872
0.447955
0.462825
0.60915
0.618609
0.687837
0.751933
0.897967
0.791937
0.915797
0.769679
0.692936
0.625219
0.623248
0.553139
0.543907
0.533429
0.39638
0.400608
0.566013
0.589415
0.712328
0.912501
0.869544
0.829826
0.819347
0.748333
0.711237
0.839601
0.911329
0.940283
0.858541
0.896416
0.891911
0.902894
0.884689
0.783025
0.905834
0.8952
0.726467
0.568419
0.540552
0.459493
0.468795
0.540148
0.494544
0.508115
0.632468
0.702129
0.724137
0.553647
0.612255
0.639865
0.603975
0.631716
0.542192
0.560456
0.521522
0.594698
0.625874
0.645648
0.672231
0.720008
0.772755
0.764463
0.625874
0.656106
0.580572
0.547303
0.474027
0.445084
0.412399
0.423109
0.39638
0.402661
0.369301
0.404677
0.43138
0.384994
0.394201
0.426482
0.45077
0.543051
0.601535
0.642523
0.665729
0.715588
0.638108
0.604324
0.596599
0.673404
0.694062
0.689598
0.755705
0.835605
0.823892
0.817472
0.766665
0.618609
0.557229
0.387375
0.527095
0.587958
0.726332
0.732164
0.755005
0.711237
0.679827
0.522461
0.57453
0.595887
0.612557
0.585761
0.466645
0.544761
0.417872
0.458911
0.416076
0.416076
0.406657
0.389702
0.460227
0.454895
0.540464
0.550654
0.645648
0.703545
0.847403
0.843254
0.901937
0.779618
0.736059
0.826111
0.862027
0.793646
0.638663
0.594861
0.867592
0.731842
0.779048
0.795851
0.801866
0.667511
0.748333
0.642523
0.629131
0.592307
0.511907
0.471603
0.421388
0.387375
0.366402
0.324684
0.197782
0.247227
0.313451
0.334248
0.400608
0.391976
0.443626
0.456246
0.498701
0.548984
0.60571
0.60709
0.689542
0.757046
0.812094
0.811894
0.828388
0.778094
0.729869
0.827118
0.92188
0.836432
0.66306
0.664439
0.687357
0.690816
0.649486
0.640888
0.721568
0.6816
0.658454
0.657781
0.803307
0.549064
0.582425
0.433695
0.470258
0.625849
0.540804
0.641851
0.645105
0.699182
0.796508
0.720344
0.808251
0.780057
0.732437
0.802545
0.728386
0.631963
0.691902
0.694573
0.71334
0.620922
0.512218
0.568416
0.520716
0.535275
0.524884
0.578419
0.65683
0.560821
0.490675
0.651744
0.470069
0.697738
0.684672
0.787017
0
0.408632
0.75335
0.660635
0.711734
0.794279
0.955549
0.932212
0.921432
0.930186
0.891426
0.853006
0.899215
0.875247
0.94576
0.869354
0.967882
0.871276
0.707095
0.719337
0.712008
0.70787
0.550916
0.52934
0.503509
0.578707
0.665724
0.512053
0.549704
0.691657
0.766606
0.60835
0.590773
0.569613
0.750222
0.734072
0.699059
0.586295
0.734418
0.923788
0.98953
0.832592
0.738859
0.828713
0.846981
0.645227
0.533461
0.523665
0.489386
0.518199
0.451702
0.635424
0.693042
0.552293
0.846641
0.548371
0.544089
0.78754
0.939545
0.858141
0.749042
0.52246
0.648277
0.704243
0.714433
0.699104
0.693498
0.657417
0.767683
0.6086
0.636394
0.6861
0.737298
0.847086
0.870943
0.958731
0.819046
0.934524
0.925964
0.800543
0.738476
0.894974
0.788402
0.66373
0.441028
0.407659
0.464912
0.466554
0.454645
0.44001
0.523146
0.771591
0.704292
0.721755
0.587076
0.669018
0.705267
0.79533
0.731244
0.76516
0.909416
0.7535
0.776526
0.865126
0.796842
0.709286
0.923673
1
0.890589
0.756401
0.81163
0.616788
0.648832
0.857524
0.858478
0.849219
0.835418
0.859597
0.582235
0.437443
0.694663
0
0.56883
0
0.668308
0.75405
0.532712
0.530576
0.642666
0.761457
0.728811
0.834498
0.731186
0.786451
0.835061
0.811551
0.830794
0.802382
0.813555
0.722392
0.779919
0.73491
0.679827
0.789603
0.846202
0.775885
0.814662
0.854477
0.842984
0.737513
0.862396
0.879472
0.820621
0.760485
0.846881
0.866177
0.777569
0.692372
0.704098
0.797663
0.822276
0.668798
0.670656
0.598531
0.672192
0.550402
0.502217
0.428579
0.46263
0.391912
0.400977
0.43949
0.388046
0.526645
0.563459
0.679994
0.823528
0.710339
0.622628
0.673442
0.795395
0.710303
0.688094
0.548777
0.544243
0.750264
0.721705
0.583803
0.627151
0.838686
0.737754
0.711361
0.771564
0.717279
0.573488
0.664778
0.794748
0.742471
0.667713
0.833648
0.793519
0.645285
0.619823
0.690679
0.708135
0.647853
0.865754
0.798748
0.773401
0.847064
0.795168
0.75789
0.824741
0.804782
0.778573
0.773317
0.792002
0.812366
0.811645
0.707689
0.750899
0.827044
0.753185
0.620767
0.658497
0.553435
0.54022
0.542152
0.664624
0.760443
0.703629
0.659166
0.743103
0.724035
0.614501
0.660788
0.867968
0.795518
0.70174
0.623804
0.765413
0.693002
0.733605
0.662547
0.79229
0.80952
0.79381
0.807655
0.863766
0.880553
0.786579
0.7879
0.709556
0.718193
0.750512
0.725223
0.787003
0.740448
0.696985
0.850157
0.846626
0.782345
0.832701
0.924091
0.873213
0.836302
0.81804
0.887568
0.829048
0.813931
0.824022
0.827878
0.834153
0.828196
0.814991
0.757182
0.82989
0.782046
0.804045
0.79527
0.706639
0.603002
0.682763
0.659732
0.527213
0.513645
0.669785
0.646101
0.581111
0.526277
0.505379
0.679367
0.499996
0.781798
0.580137
0
0.424664
0.730287
0.793358
0.615011
0.697197
0.658849
0.702199
0.784813
0.722234
0.582875
0.792036
0.883235
0.898219
0.869679
0.867351
0.78607
0.683723
0.716373
0.473532
