0.523909
0.553026
0.572218
0.526287
0.438251
0.648626
0.534886
0.411979
0.497014
0.592287
0.563347
0.566506
0.671979
0.546261
0.475418
0.538655
0.561502
0.596296
0.569872
0.510038
0.492582
0.536227
0.483495
0.558526
0.554699
0.531429
0.523062
0.496894
0.655104
0.605799
0.605395
0.501119
0.557653
0.706156
0.78496
0.810015
0.482853
0.600142
0.723067
0.684981
0.492079
0.769588
0.723371
0.606244
0.567832
0.723264
0.673058
0.505894
0.602799
0.829747
0.775194
0.694235
0.619721
0.543155
0.633761
0.549981
0.577856
0.571101
0.441807
0.49319
0.562053
0.472074
0.609422
0.525161
0.601102
0.575186
0.553802
0.556389
0.426337
0
0.62613
0.7023
0.40678
0.589835
0.568899
0.7223
0.471452
0.528218
0.38066
0.503899
0.578721
0.511301
0.419204
0.469735
0.48401
0.374333
0.520692
0.445407
0.559886
0.53844
0.536303
0.717694
0.577276
0.506009
0.750289
0.718656
0.596566
0.632097
0.651024
0.513483
0.45922
0.60954
0.576061
0.495929
0.373522
0.444004
0.491472
0.472778
0.474694
0.515875
0.476611
0.53243
0.549345
0.492806
0.421584
0.559347
0.623768
0.707597
0.675776
0.638579
0.662278
0.680159
0.582462
0.595481
0.471026
0.410524
0.468614
0.501795
0.513638
0.453609
0.474304
0.538614
0.532735
0.508514
0.430619
0.4703
0.532766
0.526212
0.60266
0.565117
0.647078
0.491269
0.554637
0.627727
0.545495
0.40152
0.498617
0.657744
0.568093
0.517039
0.627225
0.537669
0.664537
0.529812
0.511856
0.489103
0.591045
0.707225
0.64841
0.603851
0.580502
0.608092
0.58547
0.563058
0.52859
0.625337
0.520058
0.410407
0.378198
0.475587
0.367971
0.449803
0.483468
0.552834
0.566306
0.608546
0.551639
0.41856
0.434781
0.363095
0
0.410816
0.532112
0.380397
0.474613
0.492578
0.506419
0.489943
0.41643
0.510867
0.574894
0.505046
0.491675
0.560905
0.605825
0.543536
0.51673
0.486233
0.521684
0.478349
0.528304
0.413256
0.414428
0.484972
0.525349
0.431603
0.440543
0.515966
0.615022
0.560911
0.572469
0.582149
0.710413
0.759816
0.737428
0.633812
0.595805
0.594709
0.586566
0.485657
0.483215
0.456158
0.447404
0.384021
0.540808
0.509201
0.477888
0.53691
0.519191
0.341065
0.35061
0.422458
0.474349
0.50419
0.59316
0.594033
0.70572
0.72553
0.664157
0.701894
0.619556
0.630607
0.609979
0.638609
0.662901
0.51972
0.475093
0.517247
0.54053
0.419318
0.377751
0.582125
0.596801
0.490082
0.444517
0.579051
0.614862
0.59734
0.517999
0.433588
0.638195
0.510795
0.403115
0.468579
0.633675
0.621753
0.565178
0.720282
0.54707
0.429919
0.533059
0.539119
0.539166
0.532126
0.523499
0.540183
0.537521
0.536752
0.611482
0.587468
0.573919
0.542007
0.504233
0.658967
0.648078
0.658221
0.50071
0.577434
0.774479
1
0.786764
0.455745
0.579939
0.800035
0.775384
0.637971
0.731843
0.710996
0.599857
0.584476
0.641151
0.725749
0.561605
0.550865
0.83716
0.734168
0.676379
0.567252
0.54739
0.631131
0.530506
0.585888
0.580235
0.394776
0.457555
0.563076
0.473532
0.65568
0.567344
0.651659
0.647521
0.567856
0.547448
0.392514
0
0.683586
0.690897
0.458102
0.584676
0.565914
0.715003
0.474504
0.580737
0.433065
0.54692
0.675234
0.53302
0.45108
0.501655
0.493967
0.388883
0.562532
0.452328
0.534313
0.555729
0.576547
0.687782
0.594574
0.557928
0.728079
0.729334
0.581052
0.600801
0.536507
0.446974
0.429634
0.555482
0.48911
0.422704
0.328476
0.402087
0.444644
0.444603
0.42832
0.485554
0.453291
0.53231
0.544887
0.47659
0.525643
0.578186
0.793662
0.851969
0.742539
0.797781
0.647388
0.74618
0.639853
0.589712
0.483512
0.427019
0.506445
0.521563
0.540547
0.44046
0.486292
0.508164
0.490311
0.464192
0.419805
0.465553
0.532045
0.544776
0.612277
0.55362
0.767111
0.50047
0.710109
0.64582
0.548659
0.406935
0.50729
0.637703
0.515829
0.4697
0.504239
0.482962
0.633377
0.478116
0.464104
0.422097
0.57053
0.690694
0.60513
0.559057
0.631774
0.626357
0.558978
0.583516
0.566899
0.63139
0.529314
0.502591
0.451953
0.485458
0.374943
0.422056
0.468864
0.52246
0.528594
0.564523
0.511566
0.394563
0.406653
0.339167
0
0.405524
0.468716
0.351577
0.452369
0.460309
0.51081
0.455095
0.399389
0.512013
0.510337
0.473029
0.46483
0.564612
0.577132
0.557584
0.518385
0.474861
0.509264
0.483486
0.527105
0.437998
0.407183
0.468309
0.481406
0.42304
0.410529
0.473641
0.587621
0.554392
0.551363
0.565006
0.700071
0.777454
0.690143
0.613523
0.614945
0.610452
0.515308
0.514103
0.486789
0.516396
0.487109
0.563823
0.444208
0.494734
0.491964
0.600399
0.503421
0.494922
0.419643
0.48573
0.561909
0.515297
0.633354
0.654431
0.746426
0.770073
0.775721
0.820202
0.656663
0.666725
0.644915
0.645583
0.745157
0.637088
0.508638
0.545449
0.617394
0.462003
0.433259
0.558745
0.573269
0.359424
